HKL Value		Reward		TotalReward	Chi Squared	Z Approx	Error	Two-Thetas	Sfs2
6 4 6			0.0		0.0		0.0		0.3	0.9247	71.9614498967	41.9809
1 5 1			0.0		0.0		64.03		0.3	0.4978	46.196563203	27.3004
7 3 3			15.62		15.62		32.8		0.3	1.9283	72.601334037	69.5466
1 7 3			4.87		20.49		23.06		0.3	0.9932	66.8968211493	90.2271
4 4 12			-30.78		-10.3		53.84		0.29	1.9475	72.2035773977	130.2426
1 1 3			5.14		-5.16		43.57		0.29	0.4514	16.9416048235	36.8187
5 1 3			3.24		-1.92		37.1		0.29	0.9592	47.5591860667	88.1873
3 7 3			2.39		0.46		32.32		0.29	0.8954	72.6346668965	71.6226
3 1 3			1.69		2.15		28.95		0.29	1.2003	30.3814370344	67.5761
3 3 3			1.35		3.5		26.24		0.29	0.8081	39.7679129272	70.9373
7 1 3			1.01		4.52		24.21		0.29	1.4031	66.8553232335	91.2915
2 0 0			1.07		5.59		22.08		0.29	2.02	17.6289686615	175.6782
0 2 0			0.9		6.48		20.28		0.29	1.4407	17.6394681947	177.2483
2 2 0			0.68		7.16		18.93		0.29	11.1953	25.0390113278	1035.9387
1 3 3			0.52		7.68		17.89		0.29	0.7045	30.3940112777	66.1614
5 5 3			0.46		8.14		16.97		0.29	0.8107	66.8760743485	64.1048
4 2 4			-2.08		6.06		19.05		0.29	0.7624	43.1345383828	64.2766
1 3 1			-1.17		4.89		20.21		0.29	0.5324	28.3265170018	42.1271
1 5 3			0.48		5.37		19.26		0.29	0.9511	47.585042181	85.8034
1 1 1			-0.63		4.74		19.88		0.3	0.5749	13.0194761966	56.7652
5 3 3			0.24		4.98		19.41		0.3	0.9351	54.4936931553	89.9375
3 5 3			0.25		5.23		18.92		0.3	0.9259	54.5093201099	87.7589
6 2 2			-1.02		4.21		19.93		0.3	3.3001	58.5687226088	135.1206
2 6 2			-0.9		3.31		20.83		0.3	1.2892	58.5985395934	134.3564
6 4 4			-0.1		3.21		20.93		0.3	0.6669	69.2748711385	33.991
4 0 2			-0.96		2.26		21.89		0.3	1.7854	36.5531212028	138.5255
3 1 1			-0.6		1.66		22.48		0.3	0.5239	28.3131072915	41.7464
0 4 2			-0.79		0.87		23.28		0.3	3.2657	36.5744795411	137.7475
4 4 2			-0.69		0.18		23.96		0.3	1.2125	52.0311030722	128.6454
0 0 2			-0.56		-0.37		24.52		0.3	1.161	7.62646333295	98.931
2 2 2			-0.72		-1.1		25.24		0.3	1.1162	26.2109248846	125.5642
5 3 1			-0.9		-2.0		26.14		0.3	0.5252	53.2386121167	32.835
0 2 12			0.31		-1.69		25.53		0.3	0.3827	50.6142203783	17.5707
5 3 9			0.19		-1.5		25.14		0.3	0.4833	65.0662013285	20.8409
3 3 9			0.29		-1.21		24.57		0.3	0.3816	52.4524123761	12.0632
1 1 15			0.35		-0.86		23.86		0.3	0.656	61.3839959686	20.6242
5 1 9			0.16		-0.7		23.54		0.3	0.4583	58.9619928854	19.0838
3 1 9			0.28		-0.41		22.97		0.3	0.36	45.2950695798	8.7768
0 2 16			0.2		-0.21		22.57		0.3	1.8687	67.2407114996	13.8307
2 0 16			0.22		0.01		22.14		0.3	0.5935	67.2372591268	11.8907
0 6 16			0.26		0.26		21.62		0.3	0.4825	89.3859051251	7.6515
1 3 9			0.26		0.52		21.11		0.29	0.2622	45.3040218183	7.1674
2 0 4			-1.6		-1.08		22.71		0.3	1.3874	23.4143586184	109.347
2 0 6			-0.01		-1.08		22.71		0.3	1.6278	29.1406672869	128.8477
0 2 4			-1.47		-2.55		24.18		0.3	1.326	23.4223631322	110.0283
0 2 6			0.11		-2.44		23.96		0.3	1.1672	29.1471999487	131.5155
3 5 9			0.12		-2.32		23.72		0.3	0.4755	65.0802252419	19.5165
1 5 9			0.13		-2.19		23.45		0.3	0.4394	58.984264935	17.7365
3 3 1			-0.59		-2.78		24.04		0.3	0.5106	38.1558496662	33.1617
4 0 4			-12.69		-15.47		36.74		0.3	1.2165	39.0343929222	79.1487
3 5 1			-0.19		-15.66		36.93		0.3	0.5283	53.2544885252	31.9012
2 4 12			0.35		-15.32		36.23		0.3	0.2205	63.4791913795	4.8908
5 1 1			-0.27		-15.59		36.5		0.3	0.5346	46.1701152	26.7419
1 7 1			-0.32		-15.91		36.82		0.3	0.5219	65.7901743415	26.2984
2 0 12			0.24		-15.67		36.34		0.3	0.8079	50.6101057273	16.6151
4 2 6			0.3		-15.37		35.74		0.3	1.6049	46.7233273538	62.1975
4 2 12			0.31		-15.06		35.13		0.3	0.2244	63.468523569	4.7972
2 4 6			0.29		-14.77		34.55		0.3	0.785	46.7364348384	64.2552
1 3 15			0.27		-14.51		34.02		0.3	0.2862	67.3623786269	8.1809
0 2 22			-0.77		-15.27		34.79		0.3	1.8317	96.7387030121	97.213
0 6 8			-20.02		-35.3		54.81		0.29	0.7694	64.1950429677	5.6946
2 0 2			-1.99		-37.28		56.8		0.29	0.6502	19.2320929378	35.9547
2 4 0			0.26		-37.03		56.28		0.29	1.4359	40.0960076051	88.2765
3 1 15			0.44		-36.58		55.4		0.29	0.2871	67.3554895111	7.7692
1 3 5			-0.88		-37.46		56.27		0.29	3.1323	34.189462707	190.138
3 1 5			-0.8		-38.26		57.07		0.29	2.8985	34.1781376955	186.2389
0 2 10			0.41		-37.85		56.25		0.29	0.4317	42.9590557724	21.0204
4 2 0			0.22		-37.63		55.82		0.29	0.9287	40.0811891304	86.5118
2 4 4			0.03		-37.6		55.75		0.29	0.8182	43.1484985256	64.6996
0 2 2			-1.64		-39.24		57.39		0.29	0.4614	19.2417464495	36.8131
2 0 10			0.38		-38.86		56.62		0.29	0.6169	42.9543880851	20.236
1 1 11			0.24		-38.62		56.14		0.29	2.144	44.8525636461	378.5934
7 3 1			-0.98		-39.6		57.13		0.29	0.5095	71.5359286583	22.1332
3 7 1			-0.94		-40.54		58.06		0.29	1.2822	71.5694631273	22.2453
6 0 6			0.36		-40.17		57.34		0.29	1.0815	60.1501886982	39.9969
4 2 14			0.29		-39.88		56.75		0.29	1.2576	70.6282605877	19.9713
0 4 0			0.13		-39.75		56.49		0.29	6.137	35.7152072575	818.959
0 6 6			0.34		-39.42		55.82		0.29	1.0147	60.183190367	40.9583
3 3 15			0.36		-39.06		55.11		0.29	0.3402	73.0835579415	3.8877
0 6 14			0.23		-38.83		54.65		0.29	0.9096	81.7552219026	27.2955
9 1 1			-1.14		-39.97		55.79		0.29	0.8793	87.9915459652	19.6393
1 1 5			-1.07		-41.05		56.87		0.29	1.9661	22.8949597146	247.5537
6 0 12			-0.14		-41.18		57.0		0.29	0.5892	74.995462768	0.9301
0 0 8			-0.19		-41.37		57.19		0.29	2.1948	30.8548203523	183.9052
3 3 5			-0.28		-41.65		57.47		0.29	1.3995	42.8396693434	151.0913
0 4 8			-0.17		-41.82		57.64		0.29	4.1351	47.9021960727	235.0989
0 6 12			0.09		-41.73		57.45		0.29	0.3425	75.0250979777	1.887
0 0 6			0.31		-41.42		56.84		0.29	7.4326	23.0169618987	709.6598
5 1 5			-0.14		-41.56		56.98		0.29	1.1901	50.2495039981	127.1383
1 5 5			-0.14		-41.7		57.12		0.29	1.8923	50.2743192378	127.3636
2 2 8			-0.18		-41.88		57.3		0.29	1.8488	40.1384116224	216.1995
4 0 8			-0.2		-42.08		57.5		0.29	2.9483	47.8850437629	244.3799
3 3 7			-61.42		-103.5		118.92		0.31	0.1558	47.1418707618	3.5073
5 3 5			0.29		-103.21		118.34		0.31	2.2247	56.9473208346	134.0256
6 0 0			0.33		-102.88		117.67		0.31	0.7256	54.7363985401	55.434
1 3 11			-0.59		-103.47		118.26		0.31	2.4293	52.0561920156	298.4303
6 2 8			-0.13		-103.6		118.4		0.31	3.3751	67.1207225085	222.106
3 5 7			-18.05		-121.65		136.44		0.31	0.2309	60.5203777188	5.6046
6 0 4			0.63		-121.02		135.19		0.31	0.7069	57.1830782131	42.6751
4 4 8			-0.01		-121.03		135.2		0.31	3.9407	61.1479986878	218.5721
2 4 2			-0.8		-121.84		136.01		0.31	0.3828	40.8766170199	13.2501
0 6 0			0.45		-121.39		135.11		0.31	1.4277	54.7714555341	59.4019