Number of epochs: 350-01
-5.623287761221886782e-01
-3.037406569586441063e-01
3.727755765655926257e-01
3.708066203412527795e-01
-1.140746603987503605e-01
-1.095298897120584769e+01
-1.891245106849358537e-01
-9.956389128868536886e-02
-1.531806349693473379e+01
-7.425470226587835398e+00
-4.271823600581924896e-01
-1.364413488868705748e+01
-1.047173817941598983e+01
2.493866282405564905e-01
1.280150589058375032e-01
-5.564837848763170419e-02
-1.046010356653733320e+00
-2.144174410818342202e-01
3.435655170036747696e-01
-2.751113337176205181e-02
9.677526181544753026e-02
-1.713980132355344688e-01
1.108105628617349936e+02
-2.447141122635142566e-02
-3.322990686548162320e-01
-5.965334800153085371e-02
-1.712492126333451381e-01
1.008489113390653724e-01
-1.175917015717610342e-01
1.240910629552315625e-01
-8.989026611966174363e-01
-1.412769347276390530e-01
8.993787555669711942e-02
-1.080510229944252387e+01
1.771581756793453033e-01
1.124863167254383789e-01
-3.889525046318959567e-01
1.034085999750646301e-01
-7.592807126772231463e+00
-7.897977189754993299e-01
1.543117242129645184e-01
-5.039577141974373120e+00
1.374201414006095634e+00
4.650477203693829109e-01
8.826446500990566824e-01
4.048269035158910678e-01
3.727222341068925360e-01
4.358395073636463501e-01
2.203586152878016236e-01
1.199868495605547913e+01
3.264420012742256239e-01
2.102839389684184324e-01
3.716695727809891658e-01
1.839632679529614734e+00
6.665713865047276920e-01
-5.078808896127758210e+00
-8.292226136931554401e-03
-1.531234612436062292e+00
-3.656120564659383065e-01
-8.513999870949504750e-03
-2.963679943333163536e+00
-1.857067042884834596e-01
-1.014408190229860063e+00
-7.484448365140295989e-01
-1.261785350793210581e-01
-6.781667374733925113e-01
-2.681513043061410251e+00
-9.428002815659721758e-01
-1.492423850110059291e+00
-3.385992940033484722e+00
-2.579966165441792136e-01
-1.292544505908466701e-01
-2.703016868952349827e-01
-3.106349554813598868e+00
-1.232212448750008016e-01
-2.403784760531939846e-01
-2.877381774244099355e-01
-4.823894594472388775e+00
-2.712058827104267822e-01
-2.318710973747712956e+00
-9.745991112661029909e-01
-1.919858304451980802e+00
-2.468925964930190453e+00
-2.573717988025684966e-01
3.057352330041212402e-02
-1.224923023509760123e+00
-1.738122310553897598e-01
2.937031406678354550e-02
-5.794926830484280478e-01
-6.651272475752925684e-02
-1.116534015557729198e+01
-1.710537347034709166e+00
-7.951215287749441307e-02
-6.418100817779404110e+00
-1.026537412668119487e+00
-1.859072799005997145e-01
-6.243784475904325504e+00
-1.206277399083564017e+00
-1.261722068257532747e+01
-3.156957013206924234e+00
-2.177532569811804652e+00
-6.323414002001382705e+00
-1.391504201340905844e+01
-3.921202433778498087e+00
-8.328167794604832253e+00
-1.322184698846650086e+01
-2.497950856727947588e+00
-1.543338658607596781e+00
-8.177926158825469249e-01
-2.480123269843123035e-01
-4.464429859353837848e+00
-2.866999866590332902e-01
-1.281865900373782896e+00
-4.609831512644840146e+00
-2.771129222831664185e-01
-3.076739144685232574e+00
-3.256643814420831506e-01
-2.865280463689442447e-01
-4.444843849249659584e+00
-3.545026477056648084e-01
-2.931190967502674383e+00
-2.345822528824959896e+00
-1.978196937966550939e+00
3.614122952255267862e-02
3.664329416598013228e-02
3.073725665181444022e-02
2.846202681943051788e-02
5.315789420319935732e-02
1.563035485341628464e-02
2.446065240645800554e-02
-3.345208344296506819e+00
-1.333510236945228689e-01
-1.473291261040795419e+01
-8.267686844174214622e-01
-1.122148457704057328e-01
-1.323846507561705632e+00
-6.232080373492679959e-01
-5.914417210922034762e+00
-3.924800679814307802e+00
-7.280150558767370939e-01
-7.573134938336387734e+00
-1.676144109995385101e+00
-1.100163874806888131e+01
-1.922330795120038016e-01
-1.544327307682779260e+00
-1.890378543913567189e+00
-3.164678058475048350e-01
-1.262240992831751951e+00
-3.729274455076850181e+00
-2.133604267240420072e+00
-3.849448030198690862e+00
-2.531837182478850590e+00
-4.766017057228555398e-02
-1.287326948705603336e+01
-2.154509847342252760e-01
5.174065936387700626e-02
-5.132986966965709996e+00
-5.135563788960524623e-02
-6.671859766102074651e+00
-2.999005472357922988e-02
-1.459900874277403382e+01
-2.191064884017205061e-01
-2.468244583407830373e+00
-2.409853972191753346e+00
-1.184725624729552340e+00
-2.587587861938910994e+00
-9.346148952788239095e-01
-9.416450900873767793e+00
-6.232888375660738944e+00
-2.460473371044921809e+00
-3.151138938717726656e+00
-1.334382361632911573e+00
-2.609164140236817975e+00
-7.154287348024199744e-01
-4.242034764557690352e+00
-6.953054606706075003e-01
-2.398216526468041898e-01
4.957386419969590785e-02
-7.779273634257373449e-02
-6.920479539964458082e-02
-1.769681757553295820e-01
-5.187558163828517088e+00
3.169501341145530837e-02
3.688375650753334539e-02
-8.738472080339700909e+00
-1.319773046830889207e+01
3.405837218805161937e-02
-1.999906340432710650e+00
-5.027230834557545336e+01
-8.893855215736056197e-01
-4.442291533722971053e+01
-9.584347866186883058e-01
-2.915818156394514205e+01
-5.661251078510379564e+00
-1.477837937786375555e+01
-1.118639060875186608e+01
-1.007944941754884832e-01
