Number of epochs: 370-01
-5.602376231725114675e-01
-3.334919159788696241e-01
3.606064280987290038e-01
3.560247780971111387e-01
-1.152577943094014734e-01
-1.095298897120584769e+01
-2.129533773141154829e-01
-9.980622050156619240e-02
-1.531806349693473379e+01
-7.067174057309866697e+00
-4.182963687187332136e-01
-1.346679623874152298e+01
-1.001286303740500649e+01
2.401101930601761136e-01
1.209407557367597891e-01
-5.287441529616081909e-02
-9.825098879845236555e-01
-2.105872431415039825e-01
3.313533622739620599e-01
-2.849181790465414241e-02
8.472715269763717028e-02
-1.685376087621731633e-01
1.108105628617349936e+02
-2.579811755173316845e-02
-2.215651901443195515e-01
-5.790848178222088999e-02
-1.731227490860780815e-01
9.185756051170367031e-02
-1.223346196031720734e-01
1.099879921264223237e-01
-8.679968922875119786e-01
-1.423265617410864603e-01
8.025492787186984389e-02
-1.080510229944252387e+01
1.575159670563318903e-01
1.002420766064687913e-01
-3.831361910608929722e-01
9.278936752414633504e-02
-6.453758127218025997e+00
-7.897977189754993299e-01
1.363485739145329501e-01
-5.164868345364931557e+00
1.321026603854968950e+00
4.447254925740874998e-01
8.475765624304625323e-01
3.847339941008038333e-01
3.611188292806662981e-01
4.185932616433785114e-01
2.110386068277736171e-01
1.187264948159359257e+01
3.235780649064546877e-01
2.030708722786110643e-01
3.631253478516827116e-01
1.780257605095882711e+00
6.393620971676395870e-01
-4.998839534922863592e+00
-2.193456681954411916e-02
-1.537900158974460973e+00
-3.761550877033433826e-01
-2.221570955772202149e-02
-2.963679943333163536e+00
-1.814200389842998418e-01
-1.014408190229860063e+00
-7.484448365140295989e-01
-1.552563912383726763e-01
-6.714310321937482229e-01
-2.681513043061410251e+00
-9.428002815659721758e-01
-1.468104635078109066e+00
-3.268886822902984157e+00
-2.491157427172173700e-01
-1.384107360809045395e-01
-2.672947228360073035e-01
-3.106349554813598868e+00
-1.343814742390436467e-01
-2.444600109557798495e-01
-3.209792547567272836e-01
-4.631067196579858880e+00
-2.824561959257225752e-01
-2.318710973747712956e+00
-9.418499861009060892e-01
-1.930586910083966989e+00
-2.283203805211596382e+00
-2.466035371047753388e-01
3.729337606712863212e-02
-1.224923023509760123e+00
-1.699284641601433166e-01
3.434649791147624531e-02
-5.555804957257226562e-01
-6.393133476071009846e-02
-1.116534015557729198e+01
-1.710537347034709166e+00
-5.203055629389561482e-02
-6.221412717046050922e+00
-1.104176983315549254e+00
-1.808214719564675554e-01
-6.305075658481960055e+00
-1.099336064289639037e+00
-1.261722068257532747e+01
-3.156957013206924234e+00
-2.177532569811804652e+00
-6.323414002001382705e+00
-1.397264036302353141e+01
-3.921202433778498087e+00
-9.260903171337533379e+00
-1.322184698846650086e+01
-2.324116963774943034e+00
-1.478294391765024196e+00
-8.177926158825469249e-01
-2.677279390927958524e-01
-4.086296297365662689e+00
-2.911958299106587877e-01
-1.281865900373782896e+00
-4.609831512644840146e+00
-3.302306735703086082e-01
-4.983624445733294550e+00
-3.749616346945552903e-01
-2.927123110526036465e-01
-4.444843849249659584e+00
-3.484313421189226823e-01
-2.801023556044380136e+00
-2.180954121088635400e+00
-1.840020793023022794e+00
3.680965480432722703e-02
3.902284621430041761e-02
3.656856823047856947e-02
3.229988868971853111e-02
4.970632140213574607e-02
1.966281256902068300e-02
2.540393116881833890e-02
-4.414609755189108142e+00
-1.150467871320379060e-01
-1.699791878630151842e+01
-8.321885715771686343e-01
-1.031142518868093105e-01
-1.323846507561705632e+00
-6.272581154786363022e-01
-8.174741372651627813e+00
-3.840056673829334244e+00
-7.216468716290639351e-01
-7.573134938336387734e+00
-1.676144109995385101e+00
-1.100163874806888131e+01
-2.174766314948101686e-01
-1.495398107882080385e+00
-1.890378543913567189e+00
-3.480573952545900629e-01
-1.262240992831751951e+00
-3.803859478399643113e+00
-2.133604267240420072e+00
-3.849448030198690862e+00
-2.735275267310595115e+00
-4.305079902009120718e-02
-1.287326948705603336e+01
-2.160174095659954940e-01
4.047423502275859092e-02
-7.427004866492681323e+00
-4.719658072433700197e-02
-6.732206858025722163e+00
-4.025320123195889194e-02
-1.459900874277403382e+01
-2.031092287834174726e-01
-2.468244583407830373e+00
-2.678677839807580785e+00
-1.184725624729552340e+00
-2.587587861938910994e+00
-8.997748288508167214e-01
-9.021448661539526626e+00
-6.232888375660738944e+00
-2.460473371044921809e+00
-3.206269549154920018e+00
-1.334382361632911573e+00
-2.609164140236817975e+00
-7.154287348024199744e-01
-3.977979377436720920e+00
-6.953054606706075003e-01
-2.787923894895296129e-01
5.324094960835929619e-02
-6.912409692276451356e-02
-5.935634916859329480e-02
-1.619295440880037518e-01
-5.187558163828517088e+00
3.386468764774683976e-02
3.915889772965441135e-02
-8.738472080339700909e+00
-1.270371678716875330e+01
2.625763658965747996e-02
-1.812164203997024936e+00
-4.843916760676967925e+01
-8.893855215736056197e-01
-4.442291533722971053e+01
-9.430068240225600862e-01
-2.915818156394514205e+01
-5.306690607987276209e+00
-1.477837937786375555e+01
-1.118639060875186608e+01
-1.008640534801559380e-01
