Number of epochs: 190-01
-6.087934112958959254e-01
-2.849319671823190014e-01
4.270894422712270821e-01
4.158499043847712073e-01
-6.479646525314292083e-02
-1.151521043877498762e+01
-1.515563153551120201e-01
-5.075772156805019586e-02
-1.614862319314524086e+01
-9.046824676241817187e+00
-4.675972772254535226e-01
-1.498477423051270208e+01
-1.188291577240631547e+01
3.113825743880140329e-01
9.428311914852638420e-02
-1.192509551153337344e-01
-9.471185299256961176e-01
-2.911677895942672567e-01
4.701384269866547005e-01
-4.050966751717124947e-02
-3.155764630712735302e-02
-2.793925427426354191e-01
1.108105628617349936e+02
-3.579642402161961612e-02
-9.329867757403802475e-01
-4.724993243646934821e-02
-2.721992796118942737e-01
1.670296305233458789e-01
-8.319781152255226186e-02
2.279730928095648479e-01
-8.005249604391696527e-01
-1.777496081489553792e-01
1.378951548387286064e-01
-1.882768799637535651e+01
3.052637891420080241e-01
1.456806608627851107e-01
-3.714243612256830085e-01
1.658874398485416235e-01
-8.722784139838887896e+00
-8.541743061565498785e-01
2.231312482838934408e-01
-6.079213105480688384e+00
1.473490222395003046e+00
4.870282374276083126e-01
9.691677154517437387e-01
4.067524181231965130e-01
4.318597207536468696e-01
4.649395519682278377e-01
2.966015926982720763e-01
1.025756212686166080e+01
3.208078002046796384e-01
2.529069608466235630e-01
4.146022058650820630e-01
2.010850829297953446e+00
6.975583801031475240e-01
-2.916573554695159221e+00
6.487219308191008449e-02
-1.090315162830015394e+00
-3.119134431449009370e-01
7.065167857101009585e-02
-3.846689903803584443e+00
-1.347910067140125068e-01
-1.119403140416553644e+00
-6.309829319329578468e-01
-7.267918034099916935e-02
-4.933127855702926223e-01
-2.149371726714914388e+00
-5.410061353137249895e-01
-1.686103976769689039e+00
-2.846398758902616066e+00
-3.461978049353420239e-01
-6.666428529737712660e-02
-2.560854712731268634e-01
-3.869728895671040281e+00
-5.352318281536452838e-02
-1.913110534868392165e-01
-2.621115215083216210e-01
-2.319668590685025844e+00
-2.449329562660122195e-01
-1.360929171002660532e+00
-1.338180319018428710e+00
-1.340563717626730877e+00
-2.424695284459411404e+00
-2.191294993939257030e-01
3.896543972055455801e-02
-1.556388553567588540e+00
-3.322040809426504149e-01
4.009664319730212034e-02
-9.861389706440724101e-01
-3.461447516223477294e-02
-7.900832047616173526e+00
-1.902710139716843107e+00
-9.168300077088020750e-02
-8.233121396993855257e+00
-1.081053978493832668e+00
-2.652788431931215607e-01
-6.698446282194534085e+00
-1.381416271403226981e+00
-9.932066865613890627e+00
-4.313152767032881307e+00
-3.176291332952484670e+00
-7.348260110374030596e+00
-1.636990237321240471e+01
-7.499387099342943452e-01
-6.820466359870447803e+00
-1.857514425111374834e+01
-1.415707106647379643e+00
-2.863606742955300710e+00
-1.193753932256081063e+00
-2.402018348722953500e-01
-7.008915736940243058e+00
-2.369094837147630306e-01
-1.291959282901517847e+00
-8.441750391307513368e+00
-2.443493650600087608e-01
-3.849915360724484259e+00
-3.321435514246920961e-01
-2.728328668230370346e-01
-4.926558929469414316e+00
-2.591972254245074603e-01
-3.034558981854033277e+00
-3.778857701286559401e+00
-2.802284239019192214e+00
5.954013090824385179e-02
2.138833984884578807e-02
3.691005511391844823e-02
8.298597289942276356e-02
5.986408056324808019e-02
9.253161729885381326e-02
9.764724664630203277e-02
-4.377299894064416441e-01
-5.507920900137621700e-01
-1.008549334744906645e+01
-7.087337852848805131e-01
-1.004489212629064154e-01
-1.691475665124296368e+00
-6.397574350893081574e-01
-3.618729422089847603e+00
-1.239714638846432182e+00
-8.075336511767783332e-01
-8.897796906654065197e+00
-2.207853111996024520e+00
-1.222161319992016892e+01
-1.036347325767267291e-01
-1.809046215570856209e+00
-2.084892314018179427e+00
-2.785191528465019717e-01
-1.564952540176958395e+00
-2.017968504467454682e+00
-2.301382500494840055e+00
-4.075822594002666222e+00
-2.519860451830129300e+00
-1.310643485525997132e-01
-1.370007989907212220e+01
-4.334478127929117242e-01
5.491594180082787907e-02
-4.896627967158015515e+00
-1.620182594776908569e-01
-6.088243981873119992e+00
-1.298971751031618438e-01
-1.469059944596000378e+01
-4.816074528221653273e-01
-2.050153233135778574e+00
-2.864762514404583627e+00
-1.029152337158261599e+00
-3.444476227109269928e+00
-1.234880948231883435e+00
-1.543216862569775216e+01
-3.354654072656751307e+00
-3.235723645705781859e+00
-3.149135285004018847e+00
-1.485261700517601646e+00
-2.487116140574800127e+00
-1.241684261918274856e+00
-5.474647397863631859e+00
-9.184492652705232851e-01
-2.312778838430926964e-01
4.436601916100202381e-02
-1.430954336892599765e-01
-1.361789643476203071e-01
-2.765912142569852405e-01
-4.465989028857263676e+00
5.964001385395122784e-02
7.296141313628265457e-02
-1.076186923354379665e+01
-1.477455028606856047e+01
7.458027754396831521e-02
-1.735977734661571459e+00
-2.184263821132252659e+01
-1.032061193322706183e+00
-2.756511633626320190e+01
-9.780324069126183906e-01
-2.988233748105477972e+01
-7.509522350512207289e+00
-1.554101243430338641e+01
-1.101798313622982306e+01
-3.253158681373351929e-02
