Number of epochs: 30e-01
-1.698136165117114516e-01
-2.141976180137906693e-01
4.587977234433049945e-01
5.590164204768022227e-01
-3.241791846329587778e-02
-4.068215804370104216e+00
-1.705133470521266181e-01
1.596191100274395591e-01
-6.787250555953908915e+00
-6.755353309713246546e+00
-1.403951325771853609e-01
-3.796783518397931267e+00
-1.293651602866413697e+01
1.181895020856770673e+00
1.478600401151288490e-01
-4.999359459534754024e-01
-1.734155277380224236e+00
-3.908761670280172518e-01
2.324594082842623255e+00
2.924015053307337658e-02
-6.996400855284173881e-02
-7.834413130845183648e-01
1.670682132982267376e+02
-1.006518924608086896e-01
-1.531262614248783960e+00
1.583253388767422859e-02
-6.655781544482813894e-01
3.229853687307048249e-01
2.613323273237148636e-01
8.539256485976747246e-01
-4.763509586274985441e-01
2.837415885490525702e-01
2.965900515143573002e-01
-3.717489995820191240e-01
1.557119521156631992e+00
2.779643463479071208e-01
-2.083511758170682529e-02
3.149115642454423103e-01
-2.400526953841483735e+00
-3.447324574579901935e-01
6.664839089962941721e-01
-1.685233666398008978e+00
3.683394079817139843e+00
6.735612140460666142e-01
2.667754666513461270e+00
7.513096552513458537e-01
1.141416671970908681e+00
1.378759973778173276e+00
5.314089103466709263e-01
1.607170937882100503e+01
4.385426734732493781e-01
4.300517668378719405e-01
6.160486652136151209e-01
5.068971567684101842e+00
2.011141033538123679e+00
-7.179105942695530873e-02
3.314621989414355263e-01
-6.206198418525769867e-02
-1.596682765871291210e-01
3.639028373212633283e-01
-3.600679604864127192e+00
-1.205681629832443605e-02
-4.362275571621321985e-02
-2.787166779453385465e-02
7.623881546544369892e-02
-2.002522312806799890e-02
-2.526668196714785708e+00
-1.397326104694309290e+00
-2.382851244578372552e-02
-3.736319592351288188e-01
4.304540608214963426e-01
1.999907875069822372e-01
-9.909758855241611319e-02
-8.861440447858754954e-01
2.748329034061310905e-01
5.636628843264307465e-02
5.839180663011608319e-01
-2.477523420022914813e+00
-8.170923163277557522e-02
-1.874851806490384964e+00
-1.547694337532401931e+00
-7.724891334725945136e-01
-3.848937561316645439e+00
-2.967539768740635187e-01
2.464391481013233631e-01
-1.366686943476739913e+00
-1.117408844922026745e+00
3.419338504505349818e-01
-6.510812048846625899e-01
3.058010311663993119e-02
-2.598934414733490517e+00
-4.737987064414915572e+00
4.064870917116226307e-02
-1.516739031088133416e+01
-1.305368499753027267e+00
-2.353630817680711362e-01
-7.404287808054549558e+00
-2.864955359223309461e+00
-1.303623666803514602e+01
-6.877668023966529098e+00
-9.837531200311637747e+00
-6.139276589639847126e-01
-1.768802241346519821e+01
-1.800653311806820422e+00
-1.846773717746637233e+00
-2.619465286464125242e+01
-2.209363352518185497e+00
-3.503779189948525108e+00
-1.172541685304596681e+00
-5.062301608133094044e-01
-1.074214648746700007e+01
-1.525532120715798268e-03
-2.500167175198447111e+00
-1.520284673912214046e+01
-1.302510847368652525e-01
-5.302697308703980816e+00
-1.985456490289901899e-01
-1.675969918532377867e-01
-3.790829879298458049e+00
-6.963335186770945595e-02
-2.184002669137393049e+00
-4.273016980212420712e+00
-3.810959202643941168e+00
1.823232448874300138e-01
2.952556698127567492e-01
1.588434490877952410e-01
2.275685581944696667e-01
1.131280407023346202e+00
1.742496975424572825e-01
6.862890850387494135e-01
-1.789013875596303649e+00
-1.373320432238250621e+00
-6.885317415883865699e+00
-2.316895486020388584e-01
-5.836616822897731094e-01
-2.025717723519129265e+00
-1.006668353772388835e+00
-3.993041276487387936e+00
-4.335437161241619819e-01
-3.210471160804138080e-01
-1.212905549595380217e+00
-7.595929117858410962e-01
-1.907079891667997629e+01
-2.272945641313435863e-02
-2.001535555566122060e+00
-4.193323548070138074e+00
-2.605829801785584099e-01
-1.362355351866315623e+00
-1.881647130084527220e+00
-1.063615133167871374e+00
-4.175780133437116959e+00
-2.452108396286917014e+00
3.968108682348894245e-01
-9.461581906177427115e+00
-2.821244641725133562e-01
4.469135045676083107e-01
-5.711212298762525563e+00
1.094796719244876954e-01
-8.803326536744128461e+00
1.198391458500197709e-01
-2.074305151010526060e+01
9.435074370587528958e-02
-3.464456844062984597e+00
-2.944033230055033701e-01
-1.027334812822142895e+00
-1.003979133988972094e+00
-1.320373281051731018e+00
-2.149871366112572346e+01
-7.006185679322488369e+00
-4.705267384121726515e+00
-4.362371342582378908e+00
-1.361379068062167352e+00
-3.052345291850465880e+00
-2.505205837332570962e+00
-4.591134438747270785e+00
-7.954057762206815374e-01
-6.404321218929125425e-01
3.035797709432279112e-01
5.787380852933994291e-01
3.991787978194802355e-01
4.667770516392740765e-01
-6.011445965175124861e+00
2.832000644623614005e-01
5.255273817714296580e-01
-4.233054352785153185e+00
-4.333886580642625574e+01
2.599059438377272491e-01
-6.068040044424249935e-01
-2.452523051022827616e+01
7.922326299001305472e-01
-2.858620354964907051e+01
3.582653086611529147e-01
-4.046584866755560483e+01
-1.026455209178985939e+01
-7.588020941391497409e+00
-1.149526784341812125e+01
4.192711885549520873e-02
