HKL Value		Reward			TotalReward	Chi Squared Value	Z Coordinate Approximation		dx
5 1 7			0			0		0		0.3		0		0.2609
2 4 8			0			0		0		0.3		0		0.1687
4 0 2			0			0		0		0.3		0		1.7854
3 5 1			0			0		0		0.3		0		0.5283
9 1 1			0			0		0		0.3		0		0.8793
3 3 9			0			0		0		0.3		0		0.3816
0 0 10			0			0		0		0.3		0		0.8316
2 4 2			0			0		178.51546049		0.3		178.51546049		0.3828
6 0 4			37.5836092074			37.5836092074		103.348242075		0.3		206.696484151		0.7069
4 4 6			-71.8419500057			-34.2583407983		175.190192081		0.3		525.570576243		4.3817
5 5 7			21.6835609581			-12.5747798401		131.823070165		0.3		527.292280659		0.6639
3 5 3			6.89167496671			-5.68310487342		118.039720231		0.3		590.198601157		0.9259
6 0 10			9.47108480421			3.78797993079		99.0975506229		0.3		594.585303738		1.0728
4 2 12			6.93658954533			10.7245694761		85.2243715323		0.3		596.570600726		0.2244
5 1 13			4.95714375884			15.681713235		75.3100840146		0.3		602.480672117		0.4567
2 0 16			3.83535097764			19.5170642126		67.6393820593		0.3		608.754438534		0.5935
4 6 4			2.31985999699			21.8369242096		62.9996620653		0.3		629.996620653		1.0731
5 3 7			2.75729465572			24.5942188653		57.4850727539		0.3		632.335800293		0.2523
4 2 10			2.14926301226			26.7434818776		53.1865467294		0.3		638.238560753		1.1102
3 5 9			1.60741615399			28.3508980316		49.9717144214		0.3		649.632287478		0.4755
0 6 16			1.65527166975			30.0061697013		46.6611710819		0.3		653.256395147		0.4825
3 1 15			1.43221370274			31.4383834041		43.7967436764		0.3		656.951155146		0.2871
0 4 14			-2.86103167687			28.5773517272		46.6577753533		0.3		746.524405652		1.2337
2 0 8			1.3597163219			29.9370680491		43.9383427095		0.3		746.951826061		0.1665
1 1 1			0.141491178093			30.0785592272		43.6553603533		0.3		785.796486359		0.5749
0 6 8			1.08348479488			31.1620440221		41.4883907635		0.3		788.279424507		0.7694
1 5 9			0.782963527385			31.9450075494		39.9224637088		0.3		798.449274175		0.4394
7 1 7			0.899940519713			32.8449480692		38.1225826693		0.3		800.574236056		0.3505
5 3 1			0.391451258841			33.236399328		37.3396801517		0.3		821.472963336		0.5252
0 2 14			0.749874515923			33.9862738439		35.8399311198		0.3		824.318415756		0.2479
0 6 2			0.689232948362			34.6755067923		34.4614652231		0.3		827.075165354		0.2356
3 3 7			0.663055246366			35.3385620386		33.1353547304		0.3		828.383868259		0.1558
3 5 7			0.590445371398			35.92900741		31.9544639876		0.3		830.816063676		0.2309
3 1 13			0.476778764124			36.4057861742		31.0009064593		0.3		837.024474401		0.3869
1 5 7			0.523347367775			36.9291335419		29.9542117238		0.3		838.717928265		0.6035
4 0 14			-2.13708099886			34.7920525431		32.0912927226		0.3		930.647488956		1.986
5 3 9			0.32963364534			35.1216861884		31.4320254319		0.3		942.960762958		0.4833
4 4 10			-0.0161355310832			35.1055506573		31.448160963		0.3		974.892989854		0.6886
0 6 12			0.482707524447			35.5882581818		30.4827459141		0.3		975.447869252		0.3425
4 2 2			0.363253007517			35.9515111893		29.7562398991		0.3		981.95591667		0.457
6 0 8			0.404036442135			36.3555476314		28.9481670148		0.3		984.237678504		2.9234
3 3 15			0.392078322471			36.7476259539		28.1640103699		0.3		985.740362946		0.3402
6 4 2			0.363535099178			37.1111610531		27.4369401715		0.3		987.729846175		0.2211
2 4 10			0.284213756556			37.3953748096		26.8685126584		0.3		994.134968361		0.607
2 4 12			0.326739786729			37.7221145964		26.215033085		0.3		996.171257228		0.2205
6 0 2			0.306029700058			38.0281442964		25.6029736848		0.3		998.515973709		0.2214
2 2 12			-3.35325686125			34.6748874352		28.9562305461		0.3		1158.24922184		1.9766
1 3 3			-0.417336494856			34.2575509403		29.3735670409		0.3		1204.31624868		0.7045
0 2 20			0.337927036397			34.5954779767		28.6977129682		0.3		1205.30394466		0.4494
0 4 10			-0.0135462871221			34.5819316896		28.7112592553		0.3		1234.58414798		0.9893
3 1 7			0.301161195248			34.8830928848		28.1089368648		0.3		1236.79322205		0.257
1 5 13			0.237404507587			35.1204973924		27.6341278496		0.3		1243.53575323		1.1973
1 1 7			0.268123399442			35.3886207919		27.0978810507		0.3		1246.50252833		0.2012
1 5 1			0.108622511841			35.4972433037		26.880636027		0.3		1263.38989327		0.4978
1 7 1			0.111575782509			35.6088190862		26.657484462		0.3		1279.55925418		0.5219
4 2 8			0.263414349686			35.8722334359		26.1306557626		0.3		1280.40213237		0.7605
0 2 12			0.160740478574			36.0329739145		25.8091748055		0.3		1290.45874027		0.3827
0 6 10			0.212435210474			36.245409125		25.3843043845		0.3		1294.59952361		0.8527
1 7 7			0.217908723011			36.463317848		24.9484869385		0.3		1297.3213208		0.4353
2 6 0			-8.05314538767			28.4101724603		33.0016323262		0.3		1749.08651329		4.3567
0 2 8			0.301000134588			28.7111725949		32.399632057		0.3		1749.58013108		0.1155
6 4 6			0.0430685593533			28.7542411542		32.3134949383		0.3		1777.24222161		0.9247
6 0 12			0.286755935985			29.0409970902		31.7399830663		0.3		1777.43905172		0.5892
3 5 5			-1.18821522252			27.8527818677		32.9281982889		0.3		1876.90730247		1.2751
0 0 20			0.268734610494			28.1215164782		32.3907290679		0.3		1878.66228594		0.4542
1 1 9			0.272146570179			28.3936630484		31.8464359275		0.3		1878.93971972		0.2216
1 3 7			0.246366251757			28.6400293001		31.353703424		0.3		1881.22220544		0.1893
2 2 10			0.0123668091748			28.6523961093		31.3289698057		0.3		1911.06715815		0.6429
6 0 6			0.0415000624488			28.6938961718		31.2459696808		0.3		1937.25012021		1.0815
2 0 2			0.0639435660251			28.7578397378		31.1180825487		0.3		1960.43920057		0.6502
6 4 4			0.0732257462018			28.831065484		30.9716310563		0.3		1982.1843876		0.6669
1 1 15			0.14468693522			28.9757524192		30.6822571859		0.3		1994.34671708		0.656
3 1 11			-3.00470223081			25.9710501884		33.6869594167		0.3		2223.3393215		2.3814
1 3 9			0.226501857698			26.1975520461		33.2339557013		0.3		2226.67503199		0.2622
4 6 2			0.226515393215			26.4240674393		32.7809249148		0.3		2229.10289421		0.2349
0 6 14			0.115196216512			26.5392636558		32.5505324818		0.3		2245.98674125		0.9096
0 2 18			0.222262242426			26.7615258983		32.106007997		0.3		2247.42055979		0.3755
0 6 18			0.22227002832			26.9837959266		31.6614679403		0.3		2247.96422376		0.7949
1 5 11			-1.74149815364			25.2422977729		33.402966094		0.3		2405.01355877		1.8219
3 1 9			0.199284450757			25.4415822237		33.0043971925		0.3		2409.32099505		0.36
0 4 20			0.150127835589			25.5917100593		32.7041415213		0.3		2420.10647257		1.027
0 2 10			0.135104636751			25.726814696		32.4339322478		0.3		2432.54491858		0.4317
1 1 13			0.175995355393			25.9028100514		32.081941537		0.3		2438.22755681		0.3722
2 0 14			0.185789393636			26.0885994451		31.7103627497		0.3		2441.69793173		0.2634
1 3 15			0.177993050392			26.2665924954		31.3543766489		0.3		2445.64137862		0.2862
7 1 3			-0.434575728322			25.8320167671		31.7889523773		0.3		2511.3272378		1.4031
5 1 1			0.0956383463528			25.9276551135		31.5976756846		0.3		2527.81405476		0.5346
4 2 14			0.122771543636			26.0504266571		31.3521325973		0.3		2539.52274038		1.2576
1 5 5			-0.768423627689			25.2820030294		32.120556225		0.3		2633.88561045		1.8923
1 3 13			0.157090865836			25.4390938953		31.8063744933		0.3		2639.92908294		0.3907
3 3 13			0.162439752549			25.6015336478		31.4814949882		0.3		2644.44557901		0.5636
3 7 1			0.106974247113			25.7085078949		31.267546494		0.3		2657.74145199		1.2822
4 0 10			0.00689625255046			25.7154041475		31.2537539889		0.3		2687.82284304		0.6243
2 4 14			0.114556858866			25.8299610063		31.0246402711		0.3		2699.14370359		0.5221
0 4 18			0.119599424135			25.9495604305		30.7854414229		0.3		2709.11884521		0.8369
1 7 5			-0.467196975553			25.4823634549		31.2526383984		0.3		2781.48481746		1.0841
7 3 1			0.100197027944			25.5825604829		31.0522443425		0.3		2794.70199083		0.5095
0 2 16			0.129176415412			25.7117368983		30.7938915117		0.3		2802.24412757		1.8687
2 0 12			0.116235068086			25.8279719664		30.5614213755		0.3		2811.65076655		0.8079
7 3 5			-0.350498375783			25.4774735906		30.9119197513		0.3		2874.80853687		1.0496
5 5 1			0.0872962552832			25.5647698459		30.7373272408		0.3		2889.30876063		0.5073
2 0 10			0.0991838609758			25.6639537068		30.5389595188		0.3		2901.20115429		0.6169
5 1 9			0.101271164936			25.7652248718		30.3364171889		0.3		2912.29605014		0.4583
3 3 1			0.0474162166486			25.8126410884		30.2415847556		0.3		2933.4337213		0.5106
0 6 4			0.00936130370821			25.8220023921		30.2228621482		0.3		2961.84049053		0.6675
7 1 1			0.0749200275237			25.8969224197		30.0730220932		0.3		2977.22918722		0.5207
0 2 2			0.031252573403			25.9281749931		30.0105169464		0.3		3001.05169464		0.4614
3 1 1			0.0124928821719			25.9406678752		29.985531182		0.3		3028.53864938		0.5239
1 1 3			0.030190623073			25.9708584983		29.9251499359		0.3		3052.36529346		0.4514
1 3 1			0.0104554821493			25.9813139805		29.9042389716		0.3		3080.13661407		0.5324
2 6 10			0.000926977838446			25.9822409583		29.9023850159		0.3		3109.84804165		0.7069
6 2 10			0.00349990099465			25.9857408593		29.8953852139		0.3		3139.01544746		0.7103
4 4 2			-0.617874560105			25.3678662992		30.513259774		0.3		3234.40553605		1.2125
0 0 18			0.0272040512819			25.3950703505		30.4588516715		0.3		3259.09712885		0.6609
0 4 0			-5.93388086943			19.461189481		36.3927325409		0.3		3930.41511442		6.137