HKL Value		Reward		TotalReward	Chi Squared	Z Appr. 	Error	Two-Thetas	Sfs2
1 3 7			0.0		0.0		0.0		0.2	0.1893	39.2755843192	5.3372
4 2 8			0.0		0.0		0.1		0.17167	0.7605	51.4203212226	2.5419
9 1 1			-7.12		-7.12		7.22		0.02582	0.8793	87.9915459652	19.6393
3 5 1			0.87		-6.25		5.49		0.02582	0.5283	53.2544885252	31.9012
3 1 1			0.58		-5.67		4.33		0.02582	0.5239	28.3131072915	41.7464
5 5 5			-18.32		-24.0		22.65		0.29808	1.5862	69.0631626084	104.8873
2 6 4			1.88		-22.12		18.89		0.29711	0.8772	60.3635846112	78.02
1 5 7			1.33		-20.79		16.24		0.29817	0.6035	54.1236034243	4.2528
6 0 8			0.89		-19.9		14.46		0.29547	2.9234	64.163237895	5.3359
5 3 7			0.8		-19.1		12.86		0.29557	0.2523	60.5057581853	5.4388
0 4 4			0.64		-18.47		11.59		0.29452	0.8482	39.0545896029	78.0016
3 3 3			0.52		-17.94		10.54		0.29452	0.8081	39.7679129272	70.9373
1 3 3			0.42		-17.52		9.7		0.29385	0.7045	30.3940112777	66.1614
3 1 9			0.37		-17.16		8.97		0.29466	0.36	45.2950695798	8.7768
0 4 2			0.29		-16.86		8.38		0.29542	3.2657	36.5744795411	137.7475
3 1 15			0.28		-16.58		7.82		0.29537	0.2871	67.3554895111	7.7692
2 0 6			0.16		-16.42		7.5		0.30557	1.6278	29.1406672869	128.8477
5 1 13			0.18		-16.24		7.14		0.30616	0.4567	71.2764535317	11.3258
1 7 7			0.18		-16.06		6.77		0.30703	0.4353	72.3061031614	6.1143
0 6 8			0.11		-15.95		6.55		0.30673	0.7694	64.1950429677	5.6946
1 3 15			0.16		-15.78		6.22		0.30668	0.2862	67.3623786269	8.1809
3 3 7			0.14		-15.65		5.95		0.30678	0.1558	47.1418707618	3.5073
7 1 7			0.13		-15.52		5.69		0.30739	0.3505	72.2660298289	5.0526
2 2 10			-2.97		-18.49		8.66		0.33264	0.6429	46.7739448495	44.8949
4 0 4			0.15		-18.33		8.35		0.33201	1.2165	39.0343929222	79.1487
1 1 7			0.14		-18.19		8.07		0.33027	0.2012	29.7561292971	6.5386
1 1 11			0.14		-18.05		7.79		0.32813	2.144	44.8525636461	378.5934
5 1 7			0.13		-17.92		7.52		0.32752	0.2609	54.1000446603	4.252
3 5 7			0.13		-17.78		7.26		0.32752	0.2309	60.5203777188	5.6046
3 7 3			0.12		-17.67		7.02		0.32752	0.8954	72.6346668965	71.6226
4 4 2			0.11		-17.55		6.8		0.32752	1.2125	52.0311030722	128.6454
2 4 8			0.11		-17.45		6.58		0.32752	0.1687	51.4325245866	2.4593
0 6 12			0.09		-17.35		6.39		0.32748	0.3425	75.0250979777	1.887
3 1 3			0.09		-17.26		6.22		0.32748	1.2003	30.3814370344	67.5761
0 6 10			-1.78		-19.04		8.0		0.33909	0.8527	69.1637693973	8.5049
5 5 7			0.11		-18.93		7.77		0.33909	0.6639	72.2860687267	4.3062
2 4 12			0.08		-18.85		7.6		0.3391	0.2205	63.4791913795	4.8908
1 3 1			0.1		-18.75		7.4		0.3391	0.5324	28.3265170018	42.1271
1 3 9			0.09		-18.65		7.22		0.33914	0.2622	45.3040218183	7.1674
0 2 8			0.09		-18.57		7.04		0.33953	0.1155	35.7619852008	1.7384
0 2 0			0.08		-18.49		6.88		0.33953	1.4407	17.6394681947	177.2483
3 1 7			0.08		-18.4		6.71		0.33951	0.257	39.2655360855	5.205
2 2 2			0.08		-18.32		6.55		0.33947	1.1162	26.2109248846	125.5642
2 0 8			0.07		-18.25		6.41		0.33988	0.1665	35.7565424018	1.5727
7 3 3			0.07		-18.18		6.27		0.33988	1.9283	72.601334037	69.5466
6 0 12			0.07		-18.11		6.14		0.33989	0.5892	74.995462768	0.9301
2 2 0			0.04		-18.08		6.06		0.33989	11.1953	25.0390113278	1035.9387
5 5 3			0.05		-18.03		5.97		0.33991	0.8107	66.8760743485	64.1048
3 3 9			0.05		-17.98		5.86		0.33991	0.3816	52.4524123761	12.0632
3 7 5			-3.27		-21.25		9.13		0.341	1.0548	74.7470539899	89.5814
1 3 13			0.06		-21.19		9.01		0.34114	0.3907	59.4200243294	11.5335
6 2 4			0.06		-21.12		8.89		0.34087	0.8727	60.3342977717	77.9073
0 6 18			-0.12		-21.24		9.01		0.3438	0.7949	98.0280769063	1.8601
3 3 15			0.07		-21.17		8.86		0.34377	0.3402	73.0835579415	3.8877
2 0 0			0.08		-21.09		8.71		0.34377	2.02	17.6289686615	175.6782
1 5 9			0.02		-21.07		8.66		0.34416	0.4394	58.984264935	17.7365
2 6 2			0.07		-21.0		8.51		0.34425	1.2892	58.5985395934	134.3564
6 2 2			0.07		-20.93		8.37		0.34433	3.3001	58.5687226088	135.1206
2 0 2			0.07		-20.86		8.23		0.34437	0.6502	19.2320929378	35.9547
4 0 2			0.07		-20.79		8.09		0.3444	1.7854	36.5531212028	138.5255
4 4 4			0.06		-20.72		7.97		0.34443	0.8476	53.9354251327	76.9211
4 2 12			0.05		-20.67		7.86		0.34447	0.2244	63.468523569	4.7972
0 2 2			0.06		-20.61		7.74		0.34447	0.4614	19.2417464495	36.8131
0 2 22			0.03		-20.58		7.68		0.34497	1.8317	96.7387030121	97.213
1 5 3			-0.04		-20.62		7.71		0.34513	0.9511	47.585042181	85.8034
3 3 1			0.04		-20.57		7.63		0.34513	0.5106	38.1558496662	33.1617
0 2 14			0.04		-20.53		7.54		0.34563	0.2479	58.6982494177	6.3292
1 5 13			-0.02		-20.55		7.56		0.34548	1.1973	71.2966048402	12.6128
5 3 1			0.03		-20.52		7.5		0.34544	0.5252	53.2386121167	32.835
3 5 11			-3.13		-23.65		10.63		0.34854	1.8915	70.5555824797	206.4699
2 0 14			0.06		-23.58		10.5		0.34899	0.2634	58.6945218607	7.3942
3 3 13			0.02		-23.57		10.47		0.34896	0.5636	65.4922780779	9.1158
2 0 4			0.02		-23.55		10.44		0.34765	1.3874	23.4143586184	109.347
5 1 9			0.03		-23.52		10.38		0.34833	0.4583	58.9619928854	19.0838
0 6 16			0.04		-23.48		10.3		0.34829	0.4825	89.3859051251	7.6515
3 5 3			0.04		-23.44		10.22		0.34829	0.9259	54.5093201099	87.7589
1 1 1			-0.01		-23.45		10.23		0.34786	0.5749	13.0194761966	56.7652
0 2 4			0.02		-23.43		10.19		0.34651	1.326	23.4223631322	110.0283
0 2 18			0.04		-23.39		10.11		0.34462	0.3755	76.3208597895	3.7538
5 1 3			-0.01		-23.4		10.12		0.34476	0.9592	47.5591860667	88.1873
5 3 3			0.03		-23.37		10.06		0.34479	0.9351	54.4936931553	89.9375
2 2 4			0.06		-23.31		9.94		0.34482	0.7551	29.4672289371	73.6026
7 1 3			-0.03		-23.34		9.96		0.345	1.4031	66.8553232335	91.2915
3 1 13			0.04		-23.29		9.88		0.34505	0.3869	59.4126405656	11.7895
1 7 3			-0.02		-23.32		9.9		0.34519	0.9932	66.8968211493	90.2271
3 5 9			0.03		-23.29		9.84		0.34528	0.4755	65.0802252419	19.5165
3 1 5			0.02		-23.26		9.79		0.34482	2.8985	34.1781376955	186.2389
1 3 5			0.03		-23.23		9.73		0.34441	3.1323	34.189462707	190.138
5 3 9			0.02		-23.21		9.69		0.34452	0.4833	65.0662013285	20.8409
1 1 13			0.05		-23.16		9.58		0.34452	0.3722	52.9310122384	10.9703
5 1 1			-0.07		-23.22		9.65		0.34415	0.5346	46.1701152	26.7419
1 1 15			0.01		-23.21		9.63		0.34572	0.656	61.3839959686	20.6242
2 0 16			0.02		-23.2		9.59		0.34561	0.5935	67.2372591268	11.8907
1 5 1			-0.06		-23.25		9.65		0.34521	0.4978	46.196563203	27.3004
6 4 0			-1.18		-24.44		10.83		0.34523	1.8287	67.0910631577	58.6803
1 1 5			0.04		-24.4		10.76		0.34692	1.9661	22.8949597146	247.5537
1 7 1			-0.05		-24.45		10.81		0.34658	0.5219	65.7901743415	26.2984
0 2 6			0.05		-24.4		10.7		0.34637	1.1672	29.1471999487	131.5155
0 2 16			0.01		-24.38		10.67		0.34625	1.8687	67.2407114996	13.8307
7 1 1			-0.07		-24.46		10.75		0.34589	0.5207	65.7483230412	25.2044
0 0 2			0.04		-24.42		10.66		0.3452	1.161	7.62646333295	98.931
2 4 2			-0.01		-24.43		10.68		0.34497	0.3828	40.8766170199	13.2501