HKL Value		Reward		TotalReward	Chi Squared	Z Appr. 	Error	Two-Thetas	Sfs2
3 1 1			0.0		0.0		0.0		0.2	0.5239	28.3131072915	41.7464
1 3 7			0.0		0.0		0.28		0.18465	0.1893	39.2755843192	5.3372
2 6 4			0.08		0.08		0.11		0.26067	0.8772	60.3635846112	78.02
6 0 8			0.02		0.1		0.08		0.26282	2.9234	64.163237895	5.3359
5 3 7			0.01		0.11		0.06		0.26225	0.2523	60.5057581853	5.4388
0 4 4			0.0		0.11		0.05		0.26269	0.8482	39.0545896029	78.0016
3 3 3			-0.0		0.11		0.05		0.263	0.8081	39.7679129272	70.9373
1 3 3			-0.01		0.1		0.07		0.26014	0.7045	30.3940112777	66.1614
3 1 9			0.01		0.11		0.05		0.23849	0.36	45.2950695798	8.7768
1 1 9			-0.07		0.04		0.12		0.26899	0.2216	37.1193146943	1.1702
4 2 8			0.01		0.04		0.11		0.26908	0.7605	51.4203212226	2.5419
1 1 7			-0.16		-0.12		0.27		0.26185	0.2012	29.7561292971	6.5386
3 3 7			-0.02		-0.13		0.28		0.2618	0.1558	47.1418707618	3.5073
0 6 8			0.01		-0.12		0.26		0.26175	0.7694	64.1950429677	5.6946
7 1 7			0.0		-0.12		0.25		0.26143	0.3505	72.2660298289	5.0526
1 3 15			0.0		-0.12		0.25		0.26134	0.2862	67.3623786269	8.1809
4 0 4			0.01		-0.11		0.24		0.26137	1.2165	39.0343929222	79.1487
3 1 15			0.0		-0.11		0.23		0.26129	0.2871	67.3554895111	7.7692
3 7 3			0.0		-0.11		0.23		0.26125	0.8954	72.6346668965	71.6226
1 1 3			-1.36		-1.47		1.6		0.25423	0.4514	16.9416048235	36.8187
2 4 12			-0.01		-1.48		1.61		0.25427	0.2205	63.4791913795	4.8908
5 1 7			0.04		-1.45		1.53		0.25434	0.2609	54.1000446603	4.252
3 5 7			0.03		-1.41		1.47		0.25434	0.2309	60.5203777188	5.6046
4 4 2			0.03		-1.39		1.41		0.25434	1.2125	52.0311030722	128.6454
0 2 8			0.02		-1.37		1.38		0.25436	0.1155	35.7619852008	1.7384
2 4 8			0.03		-1.34		1.32		0.25437	0.1687	51.4325245866	2.4593
1 7 7			0.02		-1.32		1.28		0.25418	0.4353	72.3061031614	6.1143
3 1 3			0.02		-1.3		1.23		0.25416	1.2003	30.3814370344	67.5761
5 5 7			0.02		-1.28		1.19		0.25405	0.6639	72.2860687267	4.3062
0 2 0			0.01		-1.27		1.17		0.25405	1.4407	17.6394681947	177.2483
0 0 2			-0.05		-1.32		1.22		0.25409	1.161	7.62646333295	98.931
2 2 2			0.01		-1.3		1.2		0.2541	1.1162	26.2109248846	125.5642
1 3 9			0.02		-1.29		1.16		0.25414	0.2622	45.3040218183	7.1674
1 3 1			0.02		-1.27		1.12		0.25414	0.5324	28.3265170018	42.1271
3 3 9			0.0		-1.26		1.12		0.25412	0.3816	52.4524123761	12.0632
2 0 0			0.01		-1.26		1.1		0.25412	2.02	17.6289686615	175.6782
5 5 3			0.01		-1.25		1.08		0.25402	0.8107	66.8760743485	64.1048
2 0 8			0.01		-1.24		1.06		0.25406	0.1665	35.7565424018	1.5727
3 1 7			0.01		-1.22		1.04		0.25402	0.257	39.2655360855	5.205
4 2 14			-0.28		-1.51		1.32		0.25397	1.2576	70.6282605877	19.9713
7 3 3			0.02		-1.49		1.29		0.25397	1.9283	72.601334037	69.5466
6 0 12			0.01		-1.48		1.26		0.25397	0.5892	74.995462768	0.9301
4 4 4			0.0		-1.48		1.26		0.25397	0.8476	53.9354251327	76.9211
1 5 7			0.01		-1.46		1.23		0.25404	0.6035	54.1236034243	4.2528
0 4 2			0.0		-1.46		1.23		0.25404	3.2657	36.5744795411	137.7475
2 2 12			-5.06		-6.52		6.29		0.28245	1.9766	54.0147953295	208.0279
2 0 14			0.05		-6.47		6.19		0.28272	0.2634	58.6945218607	7.3942
2 2 0			0.04		-6.43		6.11		0.28272	11.1953	25.0390113278	1035.9387
3 3 15			0.05		-6.38		6.01		0.28265	0.3402	73.0835579415	3.8877
6 2 4			0.06		-6.32		5.89		0.28265	0.8727	60.3342977717	77.9073
0 6 12			0.06		-6.26		5.77		0.28264	0.3425	75.0250979777	1.887
0 2 22			0.03		-6.23		5.7		0.28167	1.8317	96.7387030121	97.213
4 0 2			0.05		-6.18		5.61		0.28167	1.7854	36.5531212028	138.5255
2 6 2			0.03		-6.15		5.54		0.28182	1.2892	58.5985395934	134.3564
6 2 2			0.03		-6.12		5.48		0.28191	3.3001	58.5687226088	135.1206
2 0 6			-0.07		-6.19		5.55		0.28438	1.6278	29.1406672869	128.8477
2 0 2			0.02		-6.17		5.5		0.28464	0.6502	19.2320929378	35.9547
0 2 16			-0.04		-6.21		5.55		0.28447	1.8687	67.2407114996	13.8307
0 2 14			0.04		-6.17		5.47		0.28453	0.2479	58.6982494177	6.3292
4 2 12			0.03		-6.14		5.4		0.28458	0.2244	63.468523569	4.7972
0 2 2			0.03		-6.11		5.35		0.2848	0.4614	19.2417464495	36.8131
0 2 4			0.03		-6.08		5.29		0.28533	1.326	23.4223631322	110.0283
5 3 1			0.02		-6.06		5.25		0.28528	0.5252	53.2386121167	32.835
0 6 16			0.01		-6.05		5.23		0.28524	0.4825	89.3859051251	7.6515
3 5 1			0.01		-6.03		5.2		0.28522	0.5283	53.2544885252	31.9012
1 1 1			0.0		-6.03		5.2		0.28483	0.5749	13.0194761966	56.7652
1 1 15			0.0		-6.03		5.19		0.28659	0.656	61.3839959686	20.6242
3 3 1			0.02		-6.01		5.15		0.28659	0.5106	38.1558496662	33.1617
2 2 4			0.0		-6.01		5.15		0.28723	0.7551	29.4672289371	73.6026
3 5 3			0.01		-6.0		5.13		0.28716	0.9259	54.5093201099	87.7589
1 5 13			0.01		-5.99		5.11		0.28853	1.1973	71.2966048402	12.6128
1 5 9			0.03		-5.96		5.06		0.28828	0.4394	58.984264935	17.7365
5 1 3			-0.05		-6.01		5.1		0.28781	0.9592	47.5591860667	88.1873
1 3 5			0.02		-5.99		5.07		0.28792	3.1323	34.189462707	190.138
1 5 3			-0.03		-6.02		5.1		0.28746	0.9511	47.585042181	85.8034
3 1 13			0.01		-6.02		5.09		0.28697	0.3869	59.4126405656	11.7895
0 2 18			0.02		-6.0		5.05		0.28601	0.3755	76.3208597895	3.7538
7 1 3			-0.05		-6.05		5.1		0.2856	1.4031	66.8553232335	91.2915
1 3 13			0.01		-6.05		5.09		0.28514	0.3907	59.4200243294	11.5335
3 5 9			0.01		-6.04		5.08		0.2851	0.4755	65.0802252419	19.5165
0 2 10			-0.05		-6.09		5.13		0.28717	0.4317	42.9590557724	21.0204
1 1 13			0.01		-6.08		5.11		0.28545	0.3722	52.9310122384	10.9703
1 7 3			-0.04		-6.12		5.15		0.28521	0.9932	66.8968211493	90.2271
6 2 0			-3.45		-9.57		8.6		0.28521	4.3933	57.9728440251	566.5186
5 1 13			0.01		-9.56		8.57		0.28616	0.4567	71.2764535317	11.3258
1 1 5			-0.13		-9.69		8.7		0.28539	1.9661	22.8949597146	247.5537
3 1 5			0.03		-9.66		8.64		0.28546	2.8985	34.1781376955	186.2389
5 3 9			0.02		-9.63		8.59		0.28543	0.4833	65.0662013285	20.8409
1 5 1			-0.01		-9.64		8.61		0.28524	0.4978	46.196563203	27.3004
1 7 1			-0.02		-9.67		8.63		0.28508	0.5219	65.7901743415	26.2984
2 0 16			0.01		-9.65		8.6		0.28498	0.5935	67.2372591268	11.8907
3 7 1			-0.07		-9.72		8.67		0.28493	1.2822	71.5694631273	22.2453
0 2 6			-0.01		-9.73		8.68		0.28597	1.1672	29.1471999487	131.5155
0 6 18			-0.07		-9.8		8.75		0.2877	0.7949	98.0280769063	1.8601