HKL Value		Reward		TotalReward	Chi Squared	Z Appr. 	Error	Two-Thetas	Sfs2
1 3 7			0.0		0.0		0.0		0.2	0.1893	39.2755843192	5.3372
7 3 5			0.0		0.0		158.33		0.19936	1.0496	74.7140851895	88.0788
3 1 1			39.53		39.53		79.27		0.19971	0.5239	28.3131072915	41.7464
2 6 4			13.19		52.72		52.9		0.20172	0.8772	60.3635846112	78.02
6 0 8			6.37		59.08		40.16		0.20738	2.9234	64.163237895	5.3359
5 3 7			4.01		63.1		32.14		0.20717	0.2523	60.5057581853	5.4388
0 4 4			2.67		65.77		26.8		0.2089	0.8482	39.0545896029	78.0016
3 3 3			1.9		67.67		22.99		0.2089	0.8081	39.7679129272	70.9373
6 2 0			-33.53		34.14		56.52		0.2089	4.3933	57.9728440251	566.5186
1 3 3			3.14		37.28		50.25		0.20955	0.7045	30.3940112777	66.1614
3 1 9			2.51		39.79		45.22		0.20871	0.36	45.2950695798	8.7768
4 2 8			2.05		41.84		41.12		0.20946	0.7605	51.4203212226	2.5419
3 1 15			1.71		43.55		37.7		0.21069	0.2871	67.3554895111	7.7692
1 7 7			1.42		44.97		34.87		0.20676	0.4353	72.3061031614	6.1143
1 1 7			1.15		46.12		32.56		0.19267	0.2012	29.7561292971	6.5386
3 3 7			1.07		47.19		30.42		0.19306	0.1558	47.1418707618	3.5073
0 6 8			0.9		48.09		28.62		0.22486	0.7694	64.1950429677	5.6946
7 1 7			0.81		48.9		27.0		0.23204	0.3505	72.2660298289	5.0526
1 3 15			0.75		49.65		25.5		0.23204	0.2862	67.3623786269	8.1809
6 0 10			-1.15		48.5		26.65		0.24801	1.0728	69.1331306246	8.9056
4 0 4			0.66		49.16		25.32		0.24801	1.2165	39.0343929222	79.1487
5 1 7			0.6		49.76		24.13		0.24832	0.2609	54.1000446603	4.252
3 7 3			0.55		50.31		23.03		0.24832	0.8954	72.6346668965	71.6226
3 5 7			0.5		50.81		22.03		0.24832	0.2309	60.5203777188	5.6046
2 4 12			0.42		51.23		21.19		0.24827	0.2205	63.4791913795	4.8908
2 2 0			0.37		51.6		20.46		0.24827	11.1953	25.0390113278	1035.9387
4 4 2			0.39		51.99		19.68		0.24827	1.2125	52.0311030722	128.6454
2 4 8			0.36		52.35		18.95		0.24827	0.1687	51.4325245866	2.4593
3 1 3			0.34		52.69		18.28		0.24827	1.2003	30.3814370344	67.5761
0 2 8			0.31		52.99		17.66		0.24827	0.1155	35.7619852008	1.7384
5 5 7			0.29		53.29		17.08		0.24817	0.6639	72.2860687267	4.3062
0 6 12			0.27		53.55		16.55		0.24816	0.3425	75.0250979777	1.887
0 2 0			0.25		53.8		16.05		0.24816	1.4407	17.6394681947	177.2483
1 3 9			0.24		54.04		15.56		0.24825	0.2622	45.3040218183	7.1674
2 2 2			0.22		54.27		15.11		0.24824	1.1162	26.2109248846	125.5642
1 3 1			0.22		54.48		14.68		0.24824	0.5324	28.3265170018	42.1271
2 2 12			-6.54		47.94		21.22		0.22993	1.9766	54.0147953295	208.0279
5 1 9			0.19		48.13		20.84		0.23043	0.4583	58.9619928854	19.0838
3 3 9			0.27		48.4		20.31		0.23043	0.3816	52.4524123761	12.0632
3 1 7			0.26		48.66		19.79		0.23043	0.257	39.2655360855	5.205
7 3 3			0.25		48.91		19.3		0.23043	1.9283	72.601334037	69.5466
5 5 3			0.24		49.14		18.83		0.23043	0.8107	66.8760743485	64.1048
0 4 12			-8.41		40.73		27.24		0.24889	1.4889	60.4300914167	161.7651
2 0 0			0.31		41.04		26.63		0.24889	2.02	17.6289686615	175.6782
2 0 8			0.3		41.33		26.03		0.24889	0.1665	35.7565424018	1.5727
6 0 12			0.29		41.62		25.46		0.24889	0.5892	74.995462768	0.9301
1 5 3			0.25		41.87		24.96		0.24806	0.9511	47.585042181	85.8034
0 4 2			0.25		42.12		24.45		0.24806	3.2657	36.5744795411	137.7475
4 6 4			-2.22		39.9		26.67		0.24823	1.0731	69.291881243	33.3045
4 4 4			0.26		40.16		26.15		0.24823	0.8476	53.9354251327	76.9211
1 5 7			0.26		40.42		25.63		0.24858	0.6035	54.1236034243	4.2528
3 3 15			0.24		40.66		25.15		0.24861	0.3402	73.0835579415	3.8877
4 0 2			0.23		40.9		24.69		0.24861	1.7854	36.5531212028	138.5255
6 2 4			0.23		41.13		24.23		0.24861	0.8727	60.3342977717	77.9073
4 2 12			0.21		41.33		23.81		0.24861	0.2244	63.468523569	4.7972
1 5 9			0.18		41.52		23.44		0.24984	0.4394	58.984264935	17.7365
0 0 22			-29.7		11.82		53.14		0.24998	2.2765	94.0325860765	137.6091
6 2 2			0.45		12.27		52.25		0.24998	3.3001	58.5687226088	135.1206
2 0 14			0.42		12.68		51.42		0.24998	0.2634	58.6945218607	7.3942
2 6 2			0.41		13.1		50.59		0.24998	1.2892	58.5985395934	134.3564
0 2 14			0.39		13.49		49.8		0.24998	0.2479	58.6982494177	6.3292
0 2 22			0.37		13.87		49.05		0.24998	1.8317	96.7387030121	97.213
2 0 2			0.36		14.23		48.32		0.24998	0.6502	19.2320929378	35.9547
0 2 4			0.35		14.58		47.62		0.24998	1.326	23.4223631322	110.0283
0 2 2			0.35		14.93		46.93		0.24998	0.4614	19.2417464495	36.8131
1 1 1			0.34		15.27		46.24		0.24998	0.5749	13.0194761966	56.7652
5 3 3			0.32		15.59		45.61		0.24998	0.9351	54.4936931553	89.9375
5 3 1			0.32		15.91		44.97		0.24997	0.5252	53.2386121167	32.835
3 5 1			0.31		16.22		44.35		0.24997	0.5283	53.2544885252	31.9012
1 5 13			0.3		16.51		43.76		0.24984	1.1973	71.2966048402	12.6128
3 3 1			0.3		16.81		43.17		0.24984	0.5106	38.1558496662	33.1617
1 3 13			0.27		17.08		42.62		0.2499	0.3907	59.4200243294	11.5335
2 2 4			0.24		17.32		42.15		0.2499	0.7551	29.4672289371	73.6026
0 6 16			0.26		17.58		41.62		0.2499	0.4825	89.3859051251	7.6515
3 5 3			0.26		17.84		41.11		0.2499	0.9259	54.5093201099	87.7589
5 1 3			0.25		18.09		40.61		0.24985	0.9592	47.5591860667	88.1873
3 1 13			0.24		18.33		40.13		0.2499	0.3869	59.4126405656	11.7895
1 3 5			0.23		18.55		39.68		0.24994	3.1323	34.189462707	190.138
3 3 5			0.07		18.62		39.54		0.24994	1.3995	42.8396693434	151.0913
5 1 1			0.2		18.82		39.14		0.24993	0.5346	46.1701152	26.7419
4 6 6			-0.13		18.69		39.27		0.24993	1.1903	71.9781772466	41.9784
7 1 3			0.21		18.91		38.84		0.24988	1.4031	66.8553232335	91.2915
0 2 18			0.18		19.08		38.49		0.24988	0.3755	76.3208597895	3.7538
3 5 9			0.2		19.29		38.08		0.24988	0.4755	65.0802252419	19.5165
2 2 14			-3.81		15.48		41.88		0.24991	1.0835	61.7979105177	101.9829
5 3 9			0.22		15.7		41.45		0.24992	0.4833	65.0662013285	20.8409
1 7 3			0.22		15.91		41.02		0.24988	0.9932	66.8968211493	90.2271
1 1 13			0.2		16.12		40.61		0.25016	0.3722	52.9310122384	10.9703
5 1 13			0.2		16.32		40.21		0.25004	0.4567	71.2764535317	11.3258
1 5 1			0.19		16.51		39.83		0.25002	0.4978	46.196563203	27.3004
1 1 5			0.21		16.72		39.41		0.24993	1.9661	22.8949597146	247.5537
1 1 15			0.18		16.9		39.05		0.2498	0.656	61.3839959686	20.6242
3 1 5			0.18		17.08		38.69		0.24984	2.8985	34.1781376955	186.2389
4 2 4			-0.03		17.05		38.72		0.24984	0.7624	43.1345383828	64.2766
2 0 6			0.1		17.15		38.52		0.24984	1.6278	29.1406672869	128.8477
2 0 16			0.17		17.32		38.18		0.24984	0.5935	67.2372591268	11.8907
0 2 16			0.16		17.47		37.87		0.24984	1.8687	67.2407114996	13.8307
1 7 1			0.15		17.63		37.56		0.24984	0.5219	65.7901743415	26.2984
0 2 6			0.08		17.71		37.4		0.24982	1.1672	29.1471999487	131.5155
4 2 14			0.13		17.84		37.14		0.24982	1.2576	70.6282605877	19.9713
4 4 10			-0.18		17.65		37.33		0.24982	0.6886	66.23802526	47.6672
0 6 18			0.16		17.81		37.02		0.24982	0.7949	98.0280769063	1.8601