HKL Value		Reward		TotalReward	Chi Squared	Z Appr. 	Error	Two-Thetas	Sfs2
3 1 1			0.0		0.0		0.0		0.2	0.5239	28.3131072915	41.7464
1 3 7			0.0		0.0		0.28		0.18465	0.1893	39.2755843192	5.3372
2 6 4			0.08		0.08		0.11		0.26067	0.8772	60.3635846112	78.02
5 1 3			-0.18		-0.09		0.29		0.19935	0.9592	47.5591860667	88.1873
6 0 8			-0.24		-0.34		0.53		0.22509	2.9234	64.163237895	5.3359
5 3 7			0.05		-0.29		0.43		0.22526	0.2523	60.5057581853	5.4388
0 4 4			0.04		-0.25		0.36		0.22537	0.8482	39.0545896029	78.0016
5 3 1			-0.29		-0.54		0.65		0.22445	0.5252	53.2386121167	32.835
3 3 3			0.03		-0.51		0.58		0.22464	0.8081	39.7679129272	70.9373
1 3 3			0.03		-0.47		0.52		0.22486	0.7045	30.3940112777	66.1614
3 1 9			0.02		-0.45		0.47		0.22513	0.36	45.2950695798	8.7768
4 2 8			0.02		-0.43		0.43		0.22516	0.7605	51.4203212226	2.5419
3 1 15			0.02		-0.41		0.39		0.22519	0.2871	67.3554895111	7.7692
0 6 8			0.0		-0.41		0.39		0.23045	0.7694	64.1950429677	5.6946
1 7 7			0.0		-0.41		0.38		0.23364	0.4353	72.3061031614	6.1143
1 3 15			0.01		-0.39		0.36		0.23364	0.2862	67.3623786269	8.1809
3 3 7			0.0		-0.39		0.36		0.23344	0.1558	47.1418707618	3.5073
7 1 7			-0.02		-0.41		0.37		0.23799	0.3505	72.2660298289	5.0526
4 0 4			0.01		-0.4		0.35		0.23781	1.2165	39.0343929222	79.1487
1 1 7			-0.04		-0.44		0.39		0.246	0.2012	29.7561292971	6.5386
5 1 7			0.0		-0.43		0.38		0.24825	0.2609	54.1000446603	4.252
3 7 3			0.01		-0.43		0.37		0.24814	0.8954	72.6346668965	71.6226
3 5 7			0.01		-0.42		0.36		0.24811	0.2309	60.5203777188	5.6046
4 4 2			0.0		-0.42		0.35		0.24811	1.2125	52.0311030722	128.6454
2 4 8			0.01		-0.41		0.34		0.24808	0.1687	51.4325245866	2.4593
3 3 13			-0.34		-0.75		0.68		0.24929	0.5636	65.4922780779	9.1158
0 6 12			0.0		-0.75		0.67		0.24927	0.3425	75.0250979777	1.887
4 6 2			-2.49		-3.24		3.16		0.24923	0.2349	67.657370766	5.5969
3 1 3			0.06		-3.18		3.05		0.24923	1.2003	30.3814370344	67.5761
2 4 12			0.02		-3.16		3.01		0.24914	0.2205	63.4791913795	4.8908
5 5 7			0.05		-3.11		2.91		0.24862	0.6639	72.2860687267	4.3062
0 2 8			0.04		-3.07		2.84		0.24858	0.1155	35.7619852008	1.7384
4 0 2			0.03		-3.04		2.77		0.24854	1.7854	36.5531212028	138.5255
1 3 9			0.04		-3.0		2.69		0.24901	0.2622	45.3040218183	7.1674
0 2 0			0.03		-2.97		2.63		0.24901	1.4407	17.6394681947	177.2483
2 2 0			-0.0		-2.97		2.63		0.24901	11.1953	25.0390113278	1035.9387
2 2 2			0.03		-2.94		2.57		0.24898	1.1162	26.2109248846	125.5642
1 3 1			0.03		-2.91		2.5		0.24904	0.5324	28.3265170018	42.1271
3 1 7			0.03		-2.87		2.43		0.24904	0.257	39.2655360855	5.205
7 3 3			0.03		-2.84		2.37		0.24898	1.9283	72.601334037	69.5466
6 0 12			0.03		-2.81		2.32		0.24898	0.5892	74.995462768	0.9301
5 5 3			0.03		-2.79		2.27		0.24851	0.8107	66.8760743485	64.1048
3 3 9			0.02		-2.77		2.23		0.24832	0.3816	52.4524123761	12.0632
1 5 9			-0.02		-2.8		2.26		0.25314	0.4394	58.984264935	17.7365
2 0 0			0.02		-2.78		2.22		0.25314	2.02	17.6289686615	175.6782
2 0 8			0.02		-2.76		2.18		0.25323	0.1665	35.7565424018	1.5727
1 5 7			0.02		-2.73		2.13		0.25364	0.6035	54.1236034243	4.2528
6 2 2			-0.0		-2.74		2.14		0.25369	3.3001	58.5687226088	135.1206
0 4 2			0.01		-2.73		2.12		0.25369	3.2657	36.5744795411	137.7475
4 4 4			0.01		-2.72		2.1		0.25376	0.8476	53.9354251327	76.9211
6 2 4			0.02		-2.7		2.06		0.25379	0.8727	60.3342977717	77.9073
3 3 15			0.01		-2.69		2.04		0.25401	0.3402	73.0835579415	3.8877
4 2 12			0.0		-2.69		2.04		0.25412	0.2244	63.468523569	4.7972
4 2 4			-0.74		-3.43		2.77		0.25476	0.7624	43.1345383828	64.2766
2 6 2			0.0		-3.42		2.77		0.25484	1.2892	58.5985395934	134.3564
1 5 3			-0.01		-3.43		2.78		0.25195	0.9511	47.585042181	85.8034
2 2 8			-1.06		-4.5		3.84		0.31943	1.8488	40.1384116224	216.1995
3 3 1			0.01		-4.48		3.82		0.31948	0.5106	38.1558496662	33.1617
5 1 9			-0.04		-4.52		3.85		0.30941	0.4583	58.9619928854	19.0838
2 0 14			0.0		-4.52		3.85		0.3057	0.2634	58.6945218607	7.3942
0 2 2			0.02		-4.49		3.8		0.30858	0.4614	19.2417464495	36.8131
0 2 22			0.02		-4.48		3.77		0.31577	1.8317	96.7387030121	97.213
0 2 14			0.0		-4.47		3.76		0.31548	0.2479	58.6982494177	6.3292
4 6 0			-1.8		-6.28		5.56		0.31545	0.7863	67.1083315067	59.4729
3 5 1			0.02		-6.26		5.53		0.31512	0.5283	53.2544885252	31.9012
2 0 2			0.03		-6.23		5.46		0.31717	0.6502	19.2320929378	35.9547
3 5 3			0.01		-6.22		5.45		0.31701	0.9259	54.5093201099	87.7589
2 0 12			-0.05		-6.27		5.49		0.32173	0.8079	50.6101057273	16.6151
5 3 3			0.0		-6.26		5.49		0.32163	0.9351	54.4936931553	89.9375
0 2 4			0.03		-6.23		5.43		0.31858	1.326	23.4223631322	110.0283
1 1 1			-0.04		-6.27		5.47		0.31592	0.5749	13.0194761966	56.7652
2 2 4			0.03		-6.24		5.41		0.3183	0.7551	29.4672289371	73.6026
3 1 13			0.0		-6.24		5.4		0.32098	0.3869	59.4126405656	11.7895
0 6 16			0.01		-6.23		5.38		0.32025	0.4825	89.3859051251	7.6515
1 5 13			0.03		-6.2		5.33		0.31736	1.1973	71.2966048402	12.6128
1 7 3			-0.08		-6.28		5.41		0.31637	0.9932	66.8968211493	90.2271
1 3 5			0.02		-6.26		5.37		0.31555	3.1323	34.189462707	190.138
7 1 3			-0.08		-6.35		5.46		0.31397	1.4031	66.8553232335	91.2915
5 3 9			-0.0		-6.35		5.46		0.31275	0.4833	65.0662013285	20.8409
0 2 18			0.0		-6.34		5.45		0.32118	0.3755	76.3208597895	3.7538
1 3 13			0.0		-6.34		5.45		0.32244	0.3907	59.4200243294	11.5335
1 1 13			-0.01		-6.35		5.46		0.3285	0.3722	52.9310122384	10.9703
2 0 4			0.02		-6.34		5.43		0.32754	1.3874	23.4143586184	109.347
3 5 9			0.0		-6.33		5.42		0.32749	0.4755	65.0802252419	19.5165
6 4 6			-0.74		-7.07		6.16		0.32711	0.9247	71.9614498967	41.9809
1 1 15			-0.04		-7.11		6.2		0.32605	0.656	61.3839959686	20.6242
3 1 5			0.01		-7.1		6.17		0.32571	2.8985	34.1781376955	186.2389
5 1 13			0.01		-7.08		6.15		0.32388	0.4567	71.2764535317	11.3258
1 5 1			-0.08		-7.16		6.22		0.32342	0.4978	46.196563203	27.3004
1 7 1			-0.09		-7.25		6.31		0.32296	0.5219	65.7901743415	26.2984
1 1 5			-0.1		-7.34		6.41		0.3256	1.9661	22.8949597146	247.5537