HKL Value		Reward		TotalReward	Chi Squared	Z Appr. 	Error	Two-Thetas	Sfs2
1 3 7			0.0		0.0		0.0		0.2	0.1893	39.2755843192	5.3372
0 0 20			0.0		0.0		3513.6		0.225	0.4542	83.3712939521	4.3689
3 1 1			878.37		878.37		1756.86		0.225	0.5239	28.3131072915	41.7464
2 6 4			292.8		1171.17		1171.25		0.225	0.8772	60.3635846112	78.02
3 5 11			116.86		1288.04		937.52		0.225	1.8915	70.5555824797	206.4699
3 3 13			92.84		1380.87		751.85		0.22499	0.5636	65.4922780779	9.1158
6 0 8			62.62		1443.5		626.6		0.22499	2.9234	64.163237895	5.3359
5 3 7			44.76		1488.25		537.09		0.22499	0.2523	60.5057581853	5.4388
0 4 4			33.57		1521.82		469.96		0.22499	0.8482	39.0545896029	78.0016
3 3 3			26.1		1547.92		417.75		0.22499	0.8081	39.7679129272	70.9373
1 3 3			20.89		1568.81		375.98		0.22499	0.7045	30.3940112777	66.1614
3 1 9			17.09		1585.9		341.8		0.22499	0.36	45.2950695798	8.7768
4 2 8			14.24		1600.14		313.32		0.22499	0.7605	51.4203212226	2.5419
3 1 15			12.05		1612.19		289.22		0.22499	0.2871	67.3554895111	7.7692
0 6 8			10.31		1622.5		268.59		0.22499	0.7694	64.1950429677	5.6946
1 7 7			8.93		1631.43		250.73		0.22499	0.4353	72.3061031614	6.1143
1 3 15			7.84		1639.27		235.06		0.22499	0.2862	67.3623786269	8.1809
3 3 7			6.9		1646.17		221.26		0.22499	0.1558	47.1418707618	3.5073
7 1 7			6.11		1652.28		209.04		0.22501	0.3505	72.2660298289	5.0526
4 0 4			5.5		1657.78		198.04		0.22501	1.2165	39.0343929222	79.1487
1 1 7			4.88		1662.66		188.28		0.22501	0.2012	29.7561292971	6.5386
5 1 7			4.42		1667.07		179.45		0.22503	0.2609	54.1000446603	4.252
3 7 3			4.08		1671.15		171.3		0.22503	0.8954	72.6346668965	71.6226
3 5 7			3.72		1674.87		163.85		0.22503	0.2309	60.5203777188	5.6046
4 4 2			3.41		1678.28		157.03		0.22503	1.2125	52.0311030722	128.6454
2 4 8			3.14		1681.42		150.75		0.22503	0.1687	51.4325245866	2.4593
0 6 12			2.9		1684.32		144.96		0.22502	0.3425	75.0250979777	1.887
3 1 3			2.68		1687.0		139.59		0.22502	1.2003	30.3814370344	67.5761
2 4 12			2.46		1689.47		134.66		0.22502	0.2205	63.4791913795	4.8908
5 5 7			2.32		1691.79		130.02		0.22502	0.6639	72.2860687267	4.3062
0 4 14			-4.88		1686.91		134.9		0.22484	1.2337	67.7597167724	121.3788
1 3 5			2.06		1688.96		130.79		0.22485	3.1323	34.189462707	190.138
0 2 8			2.04		1691.01		126.7		0.22485	0.1155	35.7619852008	1.7384
1 3 9			1.91		1692.92		122.88		0.22484	0.2622	45.3040218183	7.1674
0 2 0			1.8		1694.72		119.28		0.22484	1.4407	17.6394681947	177.2483
2 2 0			1.67		1696.38		115.95		0.22484	11.1953	25.0390113278	1035.9387
2 2 2			1.61		1697.99		112.74		0.22484	1.1162	26.2109248846	125.5642
1 3 1			1.52		1699.51		109.69		0.22484	0.5324	28.3265170018	42.1271
3 1 7			1.44		1700.95		106.81		0.22484	0.257	39.2655360855	5.205
7 3 3			1.37		1702.32		104.07		0.22484	1.9283	72.601334037	69.5466
6 0 12			1.3		1703.62		101.47		0.22484	0.5892	74.995462768	0.9301
5 5 3			1.24		1704.86		98.99		0.22484	0.8107	66.8760743485	64.1048
3 3 9			1.17		1706.03		96.65		0.22484	0.3816	52.4524123761	12.0632
1 5 9			1.05		1707.08		94.56		0.22484	0.4394	58.984264935	17.7365
2 0 0			1.07		1708.15		92.42		0.22484	2.02	17.6289686615	175.6782
2 0 8			1.03		1709.17		90.37		0.22484	0.1665	35.7565424018	1.5727
1 5 7			0.95		1710.12		88.47		0.22486	0.6035	54.1236034243	4.2528
6 2 2			0.92		1711.04		86.63		0.22486	3.3001	58.5687226088	135.1206
0 4 2			0.89		1711.94		84.84		0.22486	3.2657	36.5744795411	137.7475
4 4 4			0.85		1712.79		83.13		0.22486	0.8476	53.9354251327	76.9211
6 2 4			0.83		1713.62		81.47		0.22486	0.8727	60.3342977717	77.9073
4 0 2			0.79		1714.41		79.89		0.22486	1.7854	36.5531212028	138.5255
3 3 15			0.76		1715.17		78.38		0.22486	0.3402	73.0835579415	3.8877
2 6 2			0.72		1715.89		76.94		0.22486	1.2892	58.5985395934	134.3564
1 5 3			0.7		1716.59		75.54		0.22485	0.9511	47.585042181	85.8034
4 2 12			0.67		1717.26		74.19		0.22485	0.2244	63.468523569	4.7972
5 1 9			0.6		1717.86		73.0		0.22485	0.4583	58.9619928854	19.0838
5 3 1			0.62		1718.48		71.76		0.22485	0.5252	53.2386121167	32.835
0 2 2			0.59		1719.07		70.57		0.22485	0.4614	19.2417464495	36.8131
0 2 22			0.59		1719.66		69.4		0.22485	1.8317	96.7387030121	97.213
0 2 14			0.56		1720.22		68.27		0.22484	0.2479	58.6982494177	6.3292
2 0 4			0.54		1720.76		67.19		0.22484	1.3874	23.4143586184	109.347
3 3 1			0.52		1721.28		66.15		0.22484	0.5106	38.1558496662	33.1617
3 5 1			0.5		1721.78		65.15		0.22484	0.5283	53.2544885252	31.9012
2 0 14			0.49		1722.27		64.16		0.22482	0.2634	58.6945218607	7.3942
2 0 2			0.47		1722.74		63.23		0.22482	0.6502	19.2320929378	35.9547
0 2 18			0.47		1723.21		62.29		0.22482	0.3755	76.3208597895	3.7538
0 6 6			-0.46		1722.76		62.75		0.22463	1.0147	60.183190367	40.9583
3 5 3			0.44		1723.19		61.87		0.22463	0.9259	54.5093201099	87.7589
5 3 3			0.42		1723.62		61.03		0.22463	0.9351	54.4936931553	89.9375
0 2 4			0.42		1724.03		60.19		0.22463	1.326	23.4223631322	110.0283
1 1 1			0.42		1724.45		59.36		0.22463	0.5749	13.0194761966	56.7652
2 2 4			0.37		1724.82		58.63		0.22461	0.7551	29.4672289371	73.6026
5 1 3			0.39		1725.21		57.84		0.22461	0.9592	47.5591860667	88.1873
3 1 13			0.35		1725.56		57.14		0.22458	0.3869	59.4126405656	11.7895
1 5 13			0.38		1725.93		56.39		0.22458	1.1973	71.2966048402	12.6128
0 6 16			0.34		1726.28		55.7		0.22458	0.4825	89.3859051251	7.6515
1 7 3			0.35		1726.63		55.01		0.22458	0.9932	66.8968211493	90.2271
5 3 9			0.31		1726.94		54.38		0.22458	0.4833	65.0662013285	20.8409
7 1 3			0.33		1727.27		53.72		0.22458	1.4031	66.8553232335	91.2915
1 3 13			0.3		1727.57		53.13		0.22458	0.3907	59.4200243294	11.5335
3 5 9			0.3		1727.86		52.53		0.22458	0.4755	65.0802252419	19.5165
1 1 15			0.3		1728.16		51.93		0.2246	0.656	61.3839959686	20.6242
1 1 13			0.18		1728.34		51.57		0.22449	0.3722	52.9310122384	10.9703
3 1 5			0.25		1728.6		51.06		0.22449	2.8985	34.1781376955	186.2389
5 1 13			0.29		1728.89		50.48		0.22451	0.4567	71.2764535317	11.3258
0 6 14			0.18		1729.07		50.12		0.22451	0.9096	81.7552219026	27.2955
7 1 1			0.25		1729.32		49.63		0.22451	0.5207	65.7483230412	25.2044
5 1 1			0.25		1729.57		49.13		0.22451	0.5346	46.1701152	26.7419
1 5 1			0.25		1729.81		48.63		0.22451	0.4978	46.196563203	27.3004
1 7 1			0.24		1730.05		48.16		0.2245	0.5219	65.7901743415	26.2984
1 1 5			0.26		1730.31		47.65		0.2245	1.9661	22.8949597146	247.5537
2 0 16			0.22		1730.53		47.2		0.2245	0.5935	67.2372591268	11.8907
2 0 6			0.18		1730.71		46.84		0.22446	1.6278	29.1406672869	128.8477
0 2 16			0.21		1730.92		46.42		0.22446	1.8687	67.2407114996	13.8307
2 4 2			0.2		1731.11		46.03		0.22446	0.3828	40.8766170199	13.2501
0 2 6			0.16		1731.28		45.7		0.2244	1.1672	29.1471999487	131.5155
2 2 16			-5.45		1725.83		51.15		0.22414	1.1693	70.1293332912	108.6018
0 6 18			0.16		1725.99		50.83		0.22416	0.7949	98.0280769063	1.8601
0 0 2			0.25		1726.24		50.33		0.22416	1.161	7.62646333295	98.931
1 1 11			0.25		1726.49		49.83		0.22416	2.144	44.8525636461	378.5934
1 1 9			-0.27		1726.22		50.11		0.22423	0.2216	37.1193146943	1.1702