HKL Value		Reward		TotalReward	Chi Squared	Z Appr. 	Error	Two-Thetas	Sfs2
1 3 7			0.0		0.0		0.0		0.2	0.1893	39.2755843192	5.3372
3 1 1			0.0		0.0		0.28		0.18465	0.5239	28.3131072915	41.7464
2 6 4			0.08		0.08		0.11		0.26067	0.8772	60.3635846112	78.02
6 0 8			0.02		0.1		0.08		0.26282	2.9234	64.163237895	5.3359
5 3 7			0.01		0.11		0.06		0.26225	0.2523	60.5057581853	5.4388
0 4 4			0.0		0.11		0.05		0.26269	0.8482	39.0545896029	78.0016
3 3 3			-0.0		0.11		0.05		0.263	0.8081	39.7679129272	70.9373
1 3 3			-0.01		0.1		0.07		0.26014	0.7045	30.3940112777	66.1614
3 1 9			0.01		0.11		0.05		0.23849	0.36	45.2950695798	8.7768
4 2 8			0.0		0.11		0.05		0.23782	0.7605	51.4203212226	2.5419
3 1 15			0.0		0.11		0.04		0.23798	0.2871	67.3554895111	7.7692
1 3 15			0.0		0.11		0.04		0.23771	0.2862	67.3623786269	8.1809
1 7 7			-0.0		0.11		0.04		0.24168	0.4353	72.3061031614	6.1143
0 6 8			0.0		0.11		0.04		0.24133	0.7694	64.1950429677	5.6946
3 3 7			-0.02		0.09		0.06		0.24088	0.1558	47.1418707618	3.5073
5 1 13			-0.11		-0.02		0.17		0.23504	0.4567	71.2764535317	11.3258
4 0 4			0.0		-0.01		0.16		0.23493	1.2165	39.0343929222	79.1487
7 1 7			-0.03		-0.04		0.19		0.23722	0.3505	72.2660298289	5.0526
3 5 7			0.01		-0.03		0.18		0.23722	0.2309	60.5203777188	5.6046
5 1 7			-0.04		-0.08		0.22		0.24021	0.2609	54.1000446603	4.252
1 1 7			-0.04		-0.12		0.26		0.24342	0.2012	29.7561292971	6.5386
3 7 3			0.0		-0.12		0.26		0.24335	0.8954	72.6346668965	71.6226
4 4 2			-0.0		-0.12		0.26		0.24335	1.2125	52.0311030722	128.6454
2 4 8			0.0		-0.11		0.25		0.24331	0.1687	51.4325245866	2.4593
0 6 12			-0.01		-0.13		0.26		0.24314	0.3425	75.0250979777	1.887
3 1 3			0.01		-0.12		0.25		0.24315	1.2003	30.3814370344	67.5761
2 0 6			-0.7		-0.83		0.95		0.23046	1.6278	29.1406672869	128.8477
5 5 7			0.02		-0.81		0.92		0.23072	0.6639	72.2860687267	4.3062
1 3 1			0.02		-0.79		0.89		0.23102	0.5324	28.3265170018	42.1271
2 4 12			-0.03		-0.82		0.92		0.22845	0.2205	63.4791913795	4.8908
1 3 9			0.01		-0.81		0.9		0.23051	0.2622	45.3040218183	7.1674
0 2 8			0.01		-0.8		0.87		0.22597	0.1155	35.7619852008	1.7384
0 2 0			0.01		-0.79		0.86		0.22596	1.4407	17.6394681947	177.2483
3 1 7			0.01		-0.78		0.84		0.22645	0.257	39.2655360855	5.205
2 2 2			0.01		-0.77		0.82		0.22591	1.1162	26.2109248846	125.5642
7 3 3			0.01		-0.76		0.8		0.22587	1.9283	72.601334037	69.5466
2 2 0			-0.05		-0.82		0.85		0.22587	11.1953	25.0390113278	1035.9387
2 6 0			-8.24		-9.05		9.09		0.22586	4.3567	58.0028534629	558.9791
2 0 8			0.12		-8.93		8.85		0.22469	0.1665	35.7565424018	1.5727
6 0 12			0.11		-8.82		8.63		0.2254	0.5892	74.995462768	0.9301
5 5 3			0.11		-8.71		8.41		0.22534	0.8107	66.8760743485	64.1048
3 3 9			0.09		-8.62		8.22		0.22531	0.3816	52.4524123761	12.0632
3 3 15			0.08		-8.54		8.06		0.22499	0.3402	73.0835579415	3.8877
6 2 4			0.09		-8.44		7.87		0.22473	0.8727	60.3342977717	77.9073
2 0 0			0.08		-8.36		7.71		0.22474	2.02	17.6289686615	175.6782
0 4 2			0.08		-8.29		7.56		0.22446	3.2657	36.5744795411	137.7475
1 5 7			0.06		-8.23		7.44		0.23716	0.6035	54.1236034243	4.2528
2 2 14			-7.49		-15.72		14.93		0.24921	1.0835	61.7979105177	101.9829
1 3 13			0.11		-15.61		14.72		0.24955	0.3907	59.4200243294	11.5335
6 2 2			0.13		-15.49		14.47		0.24955	3.3001	58.5687226088	135.1206
2 6 2			0.12		-15.37		14.23		0.24955	1.2892	58.5985395934	134.3564
4 0 2			0.13		-15.24		13.97		0.24955	1.7854	36.5531212028	138.5255
4 4 4			0.12		-15.11		13.72		0.24955	0.8476	53.9354251327	76.9211
2 0 2			0.09		-15.02		13.54		0.24955	0.6502	19.2320929378	35.9547
1 5 9			0.09		-14.93		13.35		0.24996	0.4394	58.984264935	17.7365
4 2 12			0.1		-14.82		13.14		0.24995	0.2244	63.468523569	4.7972
5 1 9			0.08		-14.74		12.98		0.25039	0.4583	58.9619928854	19.0838
3 5 1			0.09		-14.66		12.81		0.25039	0.5283	53.2544885252	31.9012
0 2 2			0.08		-14.58		12.64		0.25039	0.4614	19.2417464495	36.8131
1 5 3			0.08		-14.49		12.48		0.25014	0.9511	47.585042181	85.8034
0 2 22			0.07		-14.42		12.34		0.25014	1.8317	96.7387030121	97.213
5 3 1			0.08		-14.34		12.18		0.25014	0.5252	53.2386121167	32.835
3 3 1			0.08		-14.27		12.02		0.25014	0.5106	38.1558496662	33.1617
0 2 14			0.07		-14.2		11.88		0.25014	0.2479	58.6982494177	6.3292
2 0 14			0.06		-14.13		11.76		0.25014	0.2634	58.6945218607	7.3942
1 5 13			0.07		-14.07		11.63		0.24935	1.1973	71.2966048402	12.6128
1 1 1			0.07		-14.0		11.49		0.24919	0.5749	13.0194761966	56.7652
0 6 16			0.06		-13.94		11.37		0.24919	0.4825	89.3859051251	7.6515
3 5 3			0.06		-13.88		11.26		0.24916	0.9259	54.5093201099	87.7589
5 1 3			0.06		-13.83		11.15		0.24889	0.9592	47.5591860667	88.1873
2 0 4			0.05		-13.78		11.04		0.24889	1.3874	23.4143586184	109.347
0 2 4			0.05		-13.73		10.95		0.24888	1.326	23.4223631322	110.0283
0 2 18			0.01		-13.72		10.93		0.24852	0.3755	76.3208597895	3.7538
5 3 3			0.05		-13.67		10.84		0.24848	0.9351	54.4936931553	89.9375
2 2 4			0.02		-13.66		10.81		0.24844	0.7551	29.4672289371	73.6026
3 3 13			0.01		-13.64		10.78		0.24856	0.5636	65.4922780779	9.1158
7 1 3			0.04		-13.6		10.7		0.24819	1.4031	66.8553232335	91.2915
3 1 13			0.04		-13.56		10.62		0.24864	0.3869	59.4126405656	11.7895
1 7 3			0.04		-13.52		10.54		0.2483	0.9932	66.8968211493	90.2271
3 5 9			0.04		-13.48		10.46		0.24841	0.4755	65.0802252419	19.5165
5 3 9			0.03		-13.45		10.4		0.24853	0.4833	65.0662013285	20.8409
1 3 5			0.03		-13.42		10.33		0.24884	3.1323	34.189462707	190.138
1 1 13			0.03		-13.39		10.27		0.25134	0.3722	52.9310122384	10.9703
3 1 5			0.02		-13.36		10.22		0.25161	2.8985	34.1781376955	186.2389
5 1 1			0.02		-13.35		10.19		0.25142	0.5346	46.1701152	26.7419
1 1 15			0.02		-13.32		10.14		0.25044	0.656	61.3839959686	20.6242
5 3 5			-0.47		-13.79		10.61		0.25003	2.2247	56.9473208346	134.0256
1 1 5			0.05		-13.74		10.51		0.2493	1.9661	22.8949597146	247.5537
1 5 1			0.02		-13.72		10.47		0.24914	0.4978	46.196563203	27.3004
2 0 16			0.02		-13.7		10.43		0.24914	0.5935	67.2372591268	11.8907
1 7 1			0.01		-13.69		10.4		0.249	0.5219	65.7901743415	26.2984
0 2 6			-0.12		-13.81		10.52		0.24893	1.1672	29.1471999487	131.5155
0 2 16			0.01		-13.8		10.5		0.24893	1.8687	67.2407114996	13.8307
7 1 1			0.01		-13.79		10.48		0.24878	0.5207	65.7483230412	25.2044
0 0 2			0.04		-13.75		10.4		0.24878	1.161	7.62646333295	98.931
0 6 18			0.02		-13.72		10.35		0.2489	0.7949	98.0280769063	1.8601
1 1 11			0.02		-13.7		10.31		0.24707	2.144	44.8525636461	378.5934
1 1 9			-0.03		-13.73		10.34		0.24996	0.2216	37.1193146943	1.1702
2 4 2			0.01		-13.73		10.33		0.24996	0.3828	40.8766170199	13.2501
4 2 14			-0.02		-13.75		10.35		0.24996	1.2576	70.6282605877	19.9713
1 1 3			-0.09		-13.83		10.44		0.2489	0.4514	16.9416048235	36.8187
0 2 12			0.01		-13.82		10.41		0.24892	0.3827	50.6142203783	17.5707