HKL Value		Reward		TotalReward	Chi Squared	Z Appr. 	Error	Two-Thetas	Sfs2
1 3 7			0.0		0.0		0.0		0.2	0.1893	39.2755843192	5.3372
3 1 1			0.0		0.0		0.28		0.18465	0.5239	28.3131072915	41.7464
2 6 4			0.08		0.08		0.11		0.26067	0.8772	60.3635846112	78.02
6 0 8			0.02		0.1		0.08		0.26282	2.9234	64.163237895	5.3359
5 3 7			0.01		0.11		0.06		0.26225	0.2523	60.5057581853	5.4388
0 4 4			0.0		0.11		0.05		0.26269	0.8482	39.0545896029	78.0016
3 3 3			-0.0		0.11		0.05		0.263	0.8081	39.7679129272	70.9373
1 3 3			-0.01		0.1		0.07		0.26014	0.7045	30.3940112777	66.1614
3 1 9			0.01		0.11		0.05		0.23849	0.36	45.2950695798	8.7768
4 2 8			0.0		0.11		0.05		0.23782	0.7605	51.4203212226	2.5419
3 1 15			0.0		0.11		0.04		0.23798	0.2871	67.3554895111	7.7692
1 3 15			0.0		0.11		0.04		0.23771	0.2862	67.3623786269	8.1809
1 7 7			-0.0		0.11		0.04		0.24168	0.4353	72.3061031614	6.1143
0 6 8			0.0		0.11		0.04		0.24133	0.7694	64.1950429677	5.6946
0 0 6			-0.24		-0.13		0.28		0.21858	7.4326	23.0169618987	709.6598
3 3 7			-0.0		-0.13		0.28		0.21858	0.1558	47.1418707618	3.5073
3 7 3			0.01		-0.13		0.27		0.21853	0.8954	72.6346668965	71.6226
4 0 4			0.01		-0.12		0.25		0.21853	1.2165	39.0343929222	79.1487
7 1 7			-0.09		-0.2		0.34		0.2193	0.3505	72.2660298289	5.0526
4 4 2			0.0		-0.2		0.34		0.21932	1.2125	52.0311030722	128.6454
3 5 7			0.01		-0.19		0.32		0.21934	0.2309	60.5203777188	5.6046
5 1 7			-0.14		-0.33		0.46		0.22141	0.2609	54.1000446603	4.252
1 1 7			-0.11		-0.45		0.57		0.2227	0.2012	29.7561292971	6.5386
2 4 8			0.01		-0.43		0.55		0.22276	0.1687	51.4325245866	2.4593
5 1 13			-0.04		-0.48		0.59		0.22652	0.4567	71.2764535317	11.3258
0 6 12			0.01		-0.47		0.57		0.22559	0.3425	75.0250979777	1.887
3 1 3			0.01		-0.46		0.55		0.22571	1.2003	30.3814370344	67.5761
5 5 7			0.01		-0.45		0.53		0.22579	0.6639	72.2860687267	4.3062
1 3 1			0.01		-0.44		0.52		0.22585	0.5324	28.3265170018	42.1271
1 3 9			0.0		-0.44		0.51		0.22605	0.2622	45.3040218183	7.1674
3 1 7			0.01		-0.43		0.5		0.22622	0.257	39.2655360855	5.205
2 4 12			-0.04		-0.47		0.54		0.2257	0.2205	63.4791913795	4.8908
0 2 8			0.01		-0.46		0.52		0.22507	0.1155	35.7619852008	1.7384
0 2 0			-0.0		-0.46		0.52		0.22507	1.4407	17.6394681947	177.2483
5 3 5			-1.35		-1.81		1.87		0.22284	2.2247	56.9473208346	134.0256
2 2 2			0.02		-1.78		1.82		0.22274	1.1162	26.2109248846	125.5642
7 3 3			0.03		-1.76		1.77		0.22274	1.9283	72.601334037	69.5466
6 0 12			0.02		-1.74		1.73		0.22325	0.5892	74.995462768	0.9301
2 0 8			0.02		-1.71		1.68		0.2232	0.1665	35.7565424018	1.5727
2 2 0			-0.03		-1.74		1.71		0.2232	11.1953	25.0390113278	1035.9387
5 5 3			0.02		-1.72		1.66		0.2232	0.8107	66.8760743485	64.1048
3 3 9			0.01		-1.71		1.64		0.2232	0.3816	52.4524123761	12.0632
6 2 4			0.02		-1.69		1.6		0.22311	0.8727	60.3342977717	77.9073
3 3 15			0.0		-1.68		1.59		0.22299	0.3402	73.0835579415	3.8877
2 0 0			0.01		-1.67		1.57		0.22299	2.02	17.6289686615	175.6782
4 4 6			-5.66		-7.33		7.23		0.22676	4.3817	57.0116572758	400.3855
0 4 2			0.07		-7.26		7.09		0.22658	3.2657	36.5744795411	137.7475
1 5 7			0.05		-7.21		6.99		0.22933	0.6035	54.1236034243	4.2528
2 0 6			-0.13		-7.34		7.12		0.22136	1.6278	29.1406672869	128.8477
4 0 2			0.06		-7.28		6.99		0.22124	1.7854	36.5531212028	138.5255
4 4 4			0.06		-7.22		6.88		0.22111	0.8476	53.9354251327	76.9211
3 3 1			0.04		-7.18		6.79		0.22114	0.5106	38.1558496662	33.1617
6 2 2			0.05		-7.13		6.7		0.22097	3.3001	58.5687226088	135.1206
3 3 5			-0.45		-7.58		7.15		0.22131	1.3995	42.8396693434	151.0913
2 6 2			0.05		-7.53		7.06		0.22108	1.2892	58.5985395934	134.3564
1 3 5			-0.01		-7.55		7.07		0.22217	3.1323	34.189462707	190.138
2 0 2			0.03		-7.51		7.0		0.22151	0.6502	19.2320929378	35.9547
4 2 12			0.05		-7.46		6.9		0.22126	0.2244	63.468523569	4.7972
1 5 9			0.0		-7.46		6.9		0.22108	0.4394	58.984264935	17.7365
4 0 10			-0.87		-8.33		7.76		0.21235	0.6243	53.7713327333	45.2096
5 3 1			0.05		-8.28		7.67		0.21229	0.5252	53.2386121167	32.835
1 3 13			0.02		-8.25		7.62		0.21113	0.3907	59.4200243294	11.5335
3 5 1			0.04		-8.22		7.54		0.21102	0.5283	53.2544885252	31.9012
5 1 9			0.01		-8.21		7.53		0.21015	0.4583	58.9619928854	19.0838
0 2 16			-0.01		-8.22		7.54		0.21067	1.8687	67.2407114996	13.8307
0 2 2			0.04		-8.18		7.46		0.21022	0.4614	19.2417464495	36.8131
1 5 3			0.05		-8.12		7.35		0.20998	0.9511	47.585042181	85.8034
0 2 22			0.03		-8.1		7.3		0.21149	1.8317	96.7387030121	97.213
0 2 14			0.04		-8.05		7.21		0.21169	0.2479	58.6982494177	6.3292
2 0 14			0.04		-8.01		7.13		0.21195	0.2634	58.6945218607	7.3942
1 5 13			0.03		-7.98		7.07		0.21394	1.1973	71.2966048402	12.6128
3 1 13			0.02		-7.97		7.03		0.21305	0.3869	59.4126405656	11.7895
0 2 18			0.03		-7.93		6.97		0.21438	0.3755	76.3208597895	3.7538
2 0 4			0.04		-7.89		6.89		0.21392	1.3874	23.4143586184	109.347
1 1 1			0.04		-7.85		6.8		0.21371	0.5749	13.0194761966	56.7652
5 1 3			0.04		-7.81		6.72		0.21351	0.9592	47.5591860667	88.1873
0 6 16			0.02		-7.79		6.69		0.21356	0.4825	89.3859051251	7.6515
7 1 5			-1.04		-8.83		7.72		0.21141	1.5264	69.0427278305	98.726
3 5 3			0.03		-8.8		7.66		0.21136	0.9259	54.5093201099	87.7589
3 3 13			-0.01		-8.81		7.68		0.21119	0.5636	65.4922780779	9.1158
0 2 4			0.04		-8.77		7.59		0.21076	1.326	23.4223631322	110.0283
1 5 1			0.02		-8.75		7.55		0.21054	0.4978	46.196563203	27.3004
5 3 3			0.02		-8.73		7.5		0.21049	0.9351	54.4936931553	89.9375
2 2 4			0.02		-8.71		7.47		0.20978	0.7551	29.4672289371	73.6026
7 1 3			0.04		-8.67		7.4		0.2096	1.4031	66.8553232335	91.2915
1 7 3			0.04		-8.64		7.32		0.2094	0.9932	66.8968211493	90.2271
3 5 9			0.01		-8.62		7.3		0.20932	0.4755	65.0802252419	19.5165
1 1 15			-0.01		-8.64		7.31		0.21077	0.656	61.3839959686	20.6242
4 6 6			-0.57		-9.2		7.88		0.21225	1.1903	71.9781772466	41.9784
1 1 5			0.02		-9.18		7.83		0.21306	1.9661	22.8949597146	247.5537
5 3 9			0.01		-9.17		7.81		0.21296	0.4833	65.0662013285	20.8409
3 1 5			-0.02		-9.19		7.83		0.2132	2.8985	34.1781376955	186.2389
1 1 13			0.01		-9.18		7.8		0.20966	0.3722	52.9310122384	10.9703
2 0 16			0.01		-9.17		7.79		0.20989	0.5935	67.2372591268	11.8907
5 1 1			0.02		-9.16		7.76		0.20968	0.5346	46.1701152	26.7419
1 7 1			0.01		-9.14		7.74		0.20949	0.5219	65.7901743415	26.2984
0 2 6			0.0		-9.14		7.73		0.20784	1.1672	29.1471999487	131.5155
7 1 1			0.01		-9.13		7.71		0.20761	0.5207	65.7483230412	25.2044
2 4 6			-0.07		-9.2		7.79		0.20689	0.785	46.7364348384	64.2552
0 0 2			0.03		-9.17		7.72		0.20662	1.161	7.62646333295	98.931
0 6 18			-0.01		-9.18		7.73		0.20356	0.7949	98.0280769063	1.8601
1 1 11			0.0		-9.18		7.72		0.20731	2.144	44.8525636461	378.5934