HKL Value		Reward		TotalReward	Chi Squared	Z Appr. 	Error	Two-Thetas	Sfs2
1 3 7			0.0		0.0		0.0		0.2	0.1893	39.2755843192	5.3372
3 1 1			0.0		0.0		0.28		0.18465	0.5239	28.3131072915	41.7464
2 6 4			0.08		0.08		0.11		0.26067	0.8772	60.3635846112	78.02
1 3 15			0.01		0.09		0.09		0.24049	0.2862	67.3623786269	8.1809
6 0 8			0.01		0.11		0.07		0.23755	2.9234	64.163237895	5.3359
5 3 7			0.01		0.11		0.06		0.23789	0.2523	60.5057581853	5.4388
0 4 4			0.0		0.12		0.05		0.23748	0.8482	39.0545896029	78.0016
3 3 3			-0.01		0.11		0.06		0.23782	0.8081	39.7679129272	70.9373
1 3 3			0.0		0.11		0.05		0.23741	0.7045	30.3940112777	66.1614
3 1 9			0.0		0.11		0.05		0.23813	0.36	45.2950695798	8.7768
4 2 8			0.0		0.11		0.04		0.23754	0.7605	51.4203212226	2.5419
3 1 15			0.0		0.12		0.04		0.23769	0.2871	67.3554895111	7.7692
1 7 7			-0.0		0.11		0.04		0.2417	0.4353	72.3061031614	6.1143
0 6 8			0.0		0.12		0.04		0.24133	0.7694	64.1950429677	5.6946
1 1 7			-0.02		0.09		0.06		0.25081	0.2012	29.7561292971	6.5386
3 3 7			-0.02		0.07		0.08		0.25059	0.1558	47.1418707618	3.5073
7 1 7			0.0		0.07		0.08		0.2508	0.3505	72.2660298289	5.0526
4 0 4			0.0		0.07		0.08		0.25081	1.2165	39.0343929222	79.1487
5 1 7			-0.0		0.07		0.08		0.25179	0.2609	54.1000446603	4.252
3 7 3			-0.0		0.07		0.08		0.25169	0.8954	72.6346668965	71.6226
3 5 7			0.0		0.07		0.08		0.25164	0.2309	60.5203777188	5.6046
2 4 12			-0.09		-0.02		0.17		0.2517	0.2205	63.4791913795	4.8908
4 4 2			-0.0		-0.02		0.17		0.2517	1.2125	52.0311030722	128.6454
2 2 0			-0.11		-0.13		0.28		0.2517	11.1953	25.0390113278	1035.9387