HKL Value		Reward		TotalReward	Chi Squared	Z Appr. 	Error	Two-Thetas	Sfs2
1 3 7			0.0		0.0		0.0		0.2	0.1893	39.2755843192	5.3372
3 1 1			0.0		0.0		0.28		0.18465	0.5239	28.3131072915	41.7464
2 6 4			0.08		0.08		0.11		0.26067	0.8772	60.3635846112	78.02
6 0 8			0.02		0.1		0.08		0.26282	2.9234	64.163237895	5.3359
5 3 7			0.01		0.11		0.06		0.26225	0.2523	60.5057581853	5.4388
0 4 4			0.0		0.11		0.05		0.26269	0.8482	39.0545896029	78.0016
0 4 18			-195.89		-195.77		195.94		0.27766	0.8369	84.5238780681	17.4513
3 3 3			13.99		-181.78		167.95		0.27766	0.8081	39.7679129272	70.9373
1 3 3			10.48		-171.3		147.0		0.27766	0.7045	30.3940112777	66.1614
3 1 9			8.15		-163.15		130.7		0.27766	0.36	45.2950695798	8.7768
4 2 8			6.53		-156.62		117.63		0.27766	0.7605	51.4203212226	2.5419
3 1 15			5.34		-151.28		106.94		0.27766	0.2871	67.3554895111	7.7692
0 6 8			4.43		-146.85		98.09		0.27757	0.7694	64.1950429677	5.6946
1 7 7			3.73		-143.12		90.63		0.27752	0.4353	72.3061031614	6.1143
7 1 7			3.22		-139.9		84.2		0.27752	0.3505	72.2660298289	5.0526
3 3 7			2.79		-137.11		78.62		0.27752	0.1558	47.1418707618	3.5073
1 1 7			2.24		-134.87		74.13		0.27707	0.2012	29.7561292971	6.5386
1 3 15			2.18		-132.69		69.78		0.2771	0.2862	67.3623786269	8.1809
4 0 4			1.94		-130.76		65.9		0.2771	1.2165	39.0343929222	79.1487
5 1 7			1.72		-129.03		62.46		0.2771	0.2609	54.1000446603	4.252
1 5 11			-6.1		-135.13		68.55		0.27609	1.8219	64.7342781598	204.7444
3 7 3			1.63		-133.5		65.3		0.27609	0.8954	72.6346668965	71.6226
3 5 7			1.48		-132.02		62.33		0.27609	0.2309	60.5203777188	5.6046
2 4 8			1.36		-130.66		59.62		0.27609	0.1687	51.4325245866	2.4593
4 0 14			-8.33		-138.99		67.95		0.27759	1.986	67.7459682929	124.3248
4 4 2			1.35		-137.64		65.24		0.27759	1.2125	52.0311030722	128.6454
0 6 12			1.25		-136.38		62.73		0.27761	0.3425	75.0250979777	1.887
2 4 12			1.13		-135.25		60.47		0.27761	0.2205	63.4791913795	4.8908
3 1 3			1.08		-134.17		58.31		0.27761	1.2003	30.3814370344	67.5761
0 2 8			1.01		-133.17		56.3		0.27761	0.1155	35.7619852008	1.7384
2 2 8			-0.43		-133.59		56.73		0.27879	1.8488	40.1384116224	216.1995
5 5 7			0.9		-132.69		54.93		0.27879	0.6639	72.2860687267	4.3062
2 2 0			0.82		-131.88		53.3		0.27879	11.1953	25.0390113278	1035.9387
0 2 0			0.8		-131.08		51.7		0.27879	1.4407	17.6394681947	177.2483
3 3 5			0.35		-130.73		51.01		0.27879	1.3995	42.8396693434	151.0913
1 3 9			0.73		-130.0		49.55		0.27879	0.2622	45.3040218183	7.1674
2 2 2			0.68		-129.32		48.18		0.27879	1.1162	26.2109248846	125.5642
1 3 1			0.65		-128.67		46.88		0.27879	0.5324	28.3265170018	42.1271
3 1 7			0.61		-128.06		45.65		0.27879	0.257	39.2655360855	5.205
7 3 3			0.58		-127.47		44.48		0.27879	1.9283	72.601334037	69.5466
3 3 9			0.54		-126.93		43.4		0.27879	0.3816	52.4524123761	12.0632
5 5 3			0.52		-126.41		42.36		0.27879	0.8107	66.8760743485	64.1048
1 5 9			0.49		-125.91		41.37		0.27879	0.4394	58.984264935	17.7365
2 0 10			0.28		-125.63		40.81		0.27986	0.6169	42.9543880851	20.236
6 0 12			0.46		-125.17		39.88		0.27982	0.5892	74.995462768	0.9301
2 0 0			0.44		-124.74		39.01		0.27982	2.02	17.6289686615	175.6782
2 0 8			0.42		-124.31		38.17		0.2798	0.1665	35.7565424018	1.5727
0 4 2			0.4		-123.92		37.37		0.2798	3.2657	36.5744795411	137.7475
4 4 12			-11.75		-135.67		49.13		0.28028	1.9475	72.2035773977	130.2426
1 5 7			0.5		-135.17		48.13		0.28028	0.6035	54.1236034243	4.2528
4 4 4			0.47		-134.7		47.19		0.28028	0.8476	53.9354251327	76.9211
5 1 9			0.45		-134.25		46.3		0.28028	0.4583	58.9619928854	19.0838
6 2 4			0.45		-133.81		45.41		0.28028	0.8727	60.3342977717	77.9073
3 3 15			0.42		-133.39		44.57		0.28028	0.3402	73.0835579415	3.8877
4 0 2			0.41		-132.99		43.76		0.28028	1.7854	36.5531212028	138.5255
2 6 2			0.38		-132.61		43.0		0.28028	1.2892	58.5985395934	134.3564
1 5 3			0.33		-132.28		42.35		0.28017	0.9511	47.585042181	85.8034
6 2 2			0.35		-131.93		41.64		0.2802	3.3001	58.5687226088	135.1206
4 2 12			0.35		-131.58		40.95		0.28022	0.2244	63.468523569	4.7972
3 5 9			0.31		-131.27		40.32		0.28022	0.4755	65.0802252419	19.5165
5 3 3			0.29		-130.97		39.73		0.28021	0.9351	54.4936931553	89.9375
1 1 3			-0.19		-131.17		39.93		0.27921	0.4514	16.9416048235	36.8187
3 5 3			0.29		-130.88		39.35		0.27921	0.9259	54.5093201099	87.7589
0 2 2			0.29		-130.59		38.77		0.27923	0.4614	19.2417464495	36.8131
3 5 1			0.28		-130.31		38.21		0.27923	0.5283	53.2544885252	31.9012
2 0 14			0.28		-130.03		37.66		0.27928	0.2634	58.6945218607	7.3942
0 2 22			0.27		-129.76		37.11		0.27921	1.8317	96.7387030121	97.213
0 2 14			0.27		-129.49		36.58		0.27925	0.2479	58.6982494177	6.3292
2 0 2			0.25		-129.25		36.09		0.27929	0.6502	19.2320929378	35.9547
5 3 1			0.24		-129.01		35.61		0.27928	0.5252	53.2386121167	32.835
0 2 4			0.24		-128.77		35.13		0.27938	1.326	23.4223631322	110.0283
2 6 8			-0.35		-129.12		35.48		0.27862	4.3291	67.1483383839	218.3417
7 1 1			0.17		-128.95		35.15		0.27855	0.5207	65.7483230412	25.2044
1 1 1			0.21		-128.74		34.73		0.27847	0.5749	13.0194761966	56.7652
3 3 1			0.22		-128.52		34.29		0.2785	0.5106	38.1558496662	33.1617
1 5 13			0.18		-128.34		33.92		0.27877	1.1973	71.2966048402	12.6128
3 1 13			0.2		-128.14		33.52		0.27869	0.3869	59.4126405656	11.7895
5 1 3			0.17		-127.97		33.18		0.2786	0.9592	47.5591860667	88.1873
2 2 4			0.17		-127.8		32.83		0.27872	0.7551	29.4672289371	73.6026
7 1 3			0.15		-127.64		32.52		0.27861	1.4031	66.8553232335	91.2915
0 6 16			0.18		-127.46		32.17		0.27861	0.4825	89.3859051251	7.6515
1 3 13			0.18		-127.29		31.81		0.27855	0.3907	59.4200243294	11.5335
5 3 9			0.17		-127.12		31.48		0.27855	0.4833	65.0662013285	20.8409
1 3 5			0.17		-126.95		31.14		0.27857	3.1323	34.189462707	190.138
0 2 18			0.18		-126.77		30.78		0.27857	0.3755	76.3208597895	3.7538
1 7 3			0.13		-126.64		30.51		0.27849	0.9932	66.8968211493	90.2271
5 1 1			0.12		-126.51		30.27		0.27841	0.5346	46.1701152	26.7419
3 1 5			0.15		-126.36		29.97		0.27846	2.8985	34.1781376955	186.2389
1 1 13			0.17		-126.2		29.63		0.27836	0.3722	52.9310122384	10.9703
1 1 15			0.12		-126.07		29.39		0.2786	0.656	61.3839959686	20.6242
5 1 13			0.11		-125.96		29.16		0.27891	0.4567	71.2764535317	11.3258
1 5 1			0.11		-125.85		28.94		0.27885	0.4978	46.196563203	27.3004
2 0 6			0.09		-125.76		28.75		0.27919	1.6278	29.1406672869	128.8477
0 4 12			-4.23		-129.98		32.98		0.27719	1.4889	60.4300914167	161.7651
1 1 5			0.09		-129.89		32.8		0.27676	1.9661	22.8949597146	247.5537
1 7 1			0.12		-129.77		32.56		0.27669	0.5219	65.7901743415	26.2984
2 0 16			0.14		-129.64		32.28		0.27673	0.5935	67.2372591268	11.8907
0 2 16			0.13		-129.51		32.03		0.27676	1.8687	67.2407114996	13.8307
3 3 13			0.12		-129.39		31.79		0.27676	0.5636	65.4922780779	9.1158
0 6 18			0.06		-129.33		31.67		0.27663	0.7949	98.0280769063	1.8601
0 2 6			0.09		-129.24		31.49		0.27708	1.1672	29.1471999487	131.5155
0 2 10			0.07		-129.17		31.35		0.27822	0.4317	42.9590557724	21.0204