HKL Value		Reward		TotalReward	Chi Squared	Z Appr. 	Error	Two-Thetas	Sfs2
3 1 1			0.0		0.0		0.0		0.2	0.5239	28.3131072915	41.7464
1 3 7			0.0		0.0		0.28		0.18465	0.1893	39.2755843192	5.3372
2 6 4			0.08		0.08		0.11		0.26067	0.8772	60.3635846112	78.02
6 0 8			0.02		0.1		0.08		0.26282	2.9234	64.163237895	5.3359
5 3 7			0.01		0.11		0.06		0.26225	0.2523	60.5057581853	5.4388
3 3 3			-0.0		0.11		0.06		0.26256	0.8081	39.7679129272	70.9373
2 4 14			-1.95		-1.84		2.01		0.25279	0.5221	70.6383718296	19.4111
0 4 4			0.14		-1.7		1.73		0.25326	0.8482	39.0545896029	78.0016
1 1 7			0.11		-1.59		1.51		0.25314	0.2012	29.7561292971	6.5386
1 5 11			-20.71		-22.3		22.22		0.27053	1.8219	64.7342781598	204.7444
3 1 9			1.1		-21.2		20.03		0.27049	0.36	45.2950695798	8.7768
1 3 3			0.9		-20.3		18.23		0.27041	0.7045	30.3940112777	66.1614
4 2 8			0.76		-19.54		16.71		0.27043	0.7605	51.4203212226	2.5419
3 3 7			0.62		-18.92		15.46		0.27043	0.1558	47.1418707618	3.5073
0 6 8			0.54		-18.38		14.37		0.2702	0.7694	64.1950429677	5.6946
7 1 7			0.46		-17.91		13.44		0.27009	0.3505	72.2660298289	5.0526
1 3 15			0.41		-17.5		12.62		0.27009	0.2862	67.3623786269	8.1809
2 4 12			0.32		-17.18		11.97		0.2702	0.2205	63.4791913795	4.8908
4 0 4			0.33		-16.85		11.31		0.27019	1.2165	39.0343929222	79.1487
3 1 15			0.29		-16.55		10.72		0.27023	0.2871	67.3554895111	7.7692
3 7 3			0.26		-16.29		10.2		0.2702	0.8954	72.6346668965	71.6226
0 2 8			0.24		-16.05		9.72		0.27037	0.1155	35.7619852008	1.7384
5 1 7			0.22		-15.83		9.29		0.27024	0.2609	54.1000446603	4.252
4 6 6			-1.85		-17.68		11.14		0.26934	1.1903	71.9781772466	41.9784
4 4 2			0.23		-17.46		10.68		0.26934	1.2125	52.0311030722	128.6454
6 0 6			-3.59		-21.05		14.28		0.2785	1.0815	60.1501886982	39.9969
2 0 16			0.15		-20.9		13.98		0.27863	0.5935	67.2372591268	11.8907
3 5 7			0.26		-20.64		13.46		0.27863	0.2309	60.5203777188	5.6046
2 4 8			0.24		-20.4		12.98		0.27863	0.1687	51.4325245866	2.4593
1 7 7			0.21		-20.19		12.57		0.27852	0.4353	72.3061031614	6.1143
2 2 2			0.21		-19.99		12.16		0.27853	1.1162	26.2109248846	125.5642
5 5 7			0.18		-19.81		11.8		0.27845	0.6639	72.2860687267	4.3062
3 1 3			0.18		-19.63		11.43		0.27845	1.2003	30.3814370344	67.5761
0 2 0			0.17		-19.46		11.1		0.27842	1.4407	17.6394681947	177.2483
1 3 9			0.16		-19.3		10.78		0.27842	0.2622	45.3040218183	7.1674
2 0 8			0.15		-19.14		10.47		0.27836	0.1665	35.7565424018	1.5727
2 0 0			0.14		-19.01		10.2		0.27834	2.02	17.6289686615	175.6782
5 5 3			0.13		-18.88		9.94		0.27823	0.8107	66.8760743485	64.1048
1 3 1			0.13		-18.75		9.68		0.27823	0.5324	28.3265170018	42.1271
3 3 9			0.11		-18.64		9.46		0.27823	0.3816	52.4524123761	12.0632
3 1 7			0.12		-18.52		9.23		0.27821	0.257	39.2655360855	5.205
4 4 4			0.1		-18.42		9.03		0.27821	0.8476	53.9354251327	76.9211
7 3 3			0.11		-18.32		8.82		0.27821	1.9283	72.601334037	69.5466
0 4 6			-2.97		-21.29		11.79		0.28309	3.7688	42.9189471786	481.9509
6 0 12			0.13		-21.16		11.53		0.28275	0.5892	74.995462768	0.9301
0 2 22			0.1		-21.06		11.32		0.28184	1.8317	96.7387030121	97.213
2 0 2			0.09		-20.97		11.14		0.28209	0.6502	19.2320929378	35.9547
0 2 14			0.11		-20.86		10.93		0.28229	0.2479	58.6982494177	6.3292
1 5 7			0.11		-20.75		10.71		0.28227	0.6035	54.1236034243	4.2528
2 6 2			0.09		-20.67		10.54		0.28237	1.2892	58.5985395934	134.3564
0 4 2			0.1		-20.57		10.35		0.28241	3.2657	36.5744795411	137.7475
6 2 2			0.08		-20.49		10.18		0.28249	3.3001	58.5687226088	135.1206
0 6 12			0.1		-20.39		9.99		0.28249	0.3425	75.0250979777	1.887
2 0 14			0.08		-20.31		9.83		0.28266	0.2634	58.6945218607	7.3942
1 3 5			0.07		-20.25		9.7		0.28282	3.1323	34.189462707	190.138
6 2 4			0.09		-20.16		9.52		0.28282	0.8727	60.3342977717	77.9073
2 2 0			0.06		-20.1		9.4		0.28282	11.1953	25.0390113278	1035.9387
0 2 4			0.07		-20.03		9.26		0.28337	1.326	23.4223631322	110.0283
0 2 2			0.06		-19.97		9.15		0.28357	0.4614	19.2417464495	36.8131
0 6 16			0.04		-19.93		9.06		0.28357	0.4825	89.3859051251	7.6515
3 3 15			0.07		-19.86		8.93		0.2835	0.3402	73.0835579415	3.8877
4 0 2			0.07		-19.79		8.79		0.28356	1.7854	36.5531212028	138.5255
4 2 12			0.06		-19.73		8.68		0.28356	0.2244	63.468523569	4.7972
2 2 4			0.03		-19.71		8.62		0.28429	0.7551	29.4672289371	73.6026
1 5 9			0.06		-19.65		8.51		0.2841	0.4394	58.984264935	17.7365
1 5 13			0.03		-19.62		8.45		0.28581	1.1973	71.2966048402	12.6128
5 3 1			0.04		-19.58		8.36		0.2858	0.5252	53.2386121167	32.835
5 1 3			0.0		-19.57		8.36		0.28525	0.9592	47.5591860667	88.1873
3 1 13			0.03		-19.54		8.29		0.28469	0.3869	59.4126405656	11.7895
3 5 1			0.04		-19.51		8.22		0.28464	0.5283	53.2544885252	31.9012
3 5 3			0.03		-19.48		8.16		0.28454	0.9259	54.5093201099	87.7589
2 0 10			-0.03		-19.51		8.19		0.28759	0.6169	42.9543880851	20.236
1 1 1			0.02		-19.49		8.15		0.28728	0.5749	13.0194761966	56.7652
3 3 1			0.04		-19.45		8.07		0.28728	0.5106	38.1558496662	33.1617
0 2 18			0.04		-19.41		7.99		0.28632	0.3755	76.3208597895	3.7538
2 0 6			0.0		-19.41		7.99		0.28774	1.6278	29.1406672869	128.8477
3 5 9			0.03		-19.38		7.94		0.28771	0.4755	65.0802252419	19.5165
1 7 1			-0.04		-19.42		7.98		0.28743	0.5219	65.7901743415	26.2984
1 5 3			0.0		-19.41		7.97		0.28709	0.9511	47.585042181	85.8034
7 1 3			-0.02		-19.43		7.98		0.28671	1.4031	66.8553232335	91.2915
5 1 13			0.02		-19.41		7.95		0.28805	0.4567	71.2764535317	11.3258
2 0 12			-0.03		-19.45		7.99		0.28805	0.8079	50.6101057273	16.6151
1 1 15			0.02		-19.42		7.94		0.28908	0.656	61.3839959686	20.6242
1 7 3			-0.01		-19.44		7.95		0.28876	0.9932	66.8968211493	90.2271
0 2 6			0.0		-19.44		7.95		0.29012	1.1672	29.1471999487	131.5155
3 1 5			0.03		-19.41		7.89		0.2902	2.8985	34.1781376955	186.2389
0 2 12			-0.04		-19.45		7.94		0.2902	0.3827	50.6142203783	17.5707
1 5 1			-0.02		-19.47		7.96		0.28994	0.4978	46.196563203	27.3004
1 1 13			0.01		-19.46		7.93		0.28754	0.3722	52.9310122384	10.9703
1 1 5			-0.14		-19.6		8.07		0.28677	1.9661	22.8949597146	247.5537
0 4 8			-0.43		-20.03		8.5		0.28523	4.1351	47.9021960727	235.0989
5 5 1			-0.01		-20.04		8.51		0.28533	0.5073	65.769247456	23.9531