HKL Value		Reward		TotalReward	Chi Squared	Z Appr. 	Error	Two-Thetas	Sfs2
1 3 7			0.0		0.0		0.0		0.2	0.1893	39.2755843192	5.3372
3 1 1			0.0		0.0		0.28		0.18465	0.5239	28.3131072915	41.7464
2 6 4			0.08		0.08		0.11		0.26067	0.8772	60.3635846112	78.02
6 0 8			0.02		0.1		0.08		0.26282	2.9234	64.163237895	5.3359
6 2 2			-0.55		-0.45		0.63		0.26507	3.3001	58.5687226088	135.1206
5 3 7			0.06		-0.39		0.51		0.26458	0.2523	60.5057581853	5.4388
0 4 4			0.04		-0.35		0.42		0.26498	0.8482	39.0545896029	78.0016
3 3 3			0.03		-0.32		0.37		0.26519	0.8081	39.7679129272	70.9373
1 3 3			0.01		-0.31		0.35		0.26277	0.7045	30.3940112777	66.1614
3 1 9			0.02		-0.29		0.3		0.2364	0.36	45.2950695798	8.7768
4 2 8			0.01		-0.27		0.27		0.23581	0.7605	51.4203212226	2.5419
3 1 15			0.01		-0.26		0.25		0.23594	0.2871	67.3554895111	7.7692
0 6 8			0.01		-0.25		0.23		0.23768	0.7694	64.1950429677	5.6946
1 7 7			0.01		-0.24		0.22		0.24104	0.4353	72.3061031614	6.1143
1 1 7			-0.01		-0.25		0.22		0.2514	0.2012	29.7561292971	6.5386
3 3 7			-0.01		-0.26		0.23		0.25119	0.1558	47.1418707618	3.5073
7 1 7			0.01		-0.26		0.22		0.2513	0.3505	72.2660298289	5.0526
1 3 15			0.0		-0.25		0.21		0.25082	0.2862	67.3623786269	8.1809
4 0 4			0.0		-0.25		0.2		0.25082	1.2165	39.0343929222	79.1487
5 1 7			0.0		-0.24		0.2		0.25183	0.2609	54.1000446603	4.252
3 7 3			0.0		-0.24		0.2		0.25172	0.8954	72.6346668965	71.6226
3 5 7			0.0		-0.24		0.19		0.25167	0.2309	60.5203777188	5.6046
2 4 12			-0.08		-0.32		0.26		0.25173	0.2205	63.4791913795	4.8908
4 4 2			-0.0		-0.32		0.26		0.25173	1.2125	52.0311030722	128.6454
2 4 8			0.0		-0.31		0.26		0.25175	0.1687	51.4325245866	2.4593
2 2 0			-0.1		-0.41		0.35		0.25175	11.1953	25.0390113278	1035.9387
3 1 3			0.01		-0.4		0.34		0.25169	1.2003	30.3814370344	67.5761
0 6 12			-0.01		-0.41		0.35		0.25171	0.3425	75.0250979777	1.887
0 2 8			-0.01		-0.42		0.36		0.25178	0.1155	35.7619852008	1.7384
5 5 7			0.0		-0.42		0.35		0.25117	0.6639	72.2860687267	4.3062
4 2 12			-0.05		-0.47		0.4		0.2512	0.2244	63.468523569	4.7972
0 2 0			-0.0		-0.47		0.4		0.25121	1.4407	17.6394681947	177.2483
1 3 9			0.01		-0.46		0.39		0.25153	0.2622	45.3040218183	7.1674
2 2 2			0.0		-0.46		0.39		0.25154	1.1162	26.2109248846	125.5642
1 3 1			0.01		-0.46		0.38		0.25159	0.5324	28.3265170018	42.1271
5 1 9			-0.09		-0.55		0.47		0.25627	0.4583	58.9619928854	19.0838
3 3 9			-0.01		-0.56		0.48		0.25613	0.3816	52.4524123761	12.0632
4 0 8			-0.66		-1.22		1.14		0.25382	2.9483	47.8850437629	244.3799