HKL Value		Reward		TotalReward	Chi Squared	Z Appr. 	Error	Two-Thetas	Sfs2
1 3 7			0.0		0.0		0.0		0.2	0.1893	39.2755843192	5.3372
5 1 7			0.0		0.0		0.02		0.17266	0.2609	54.1000446603	4.252
3 1 1			-0.15		-0.15		0.17		0.1734	0.5239	28.3131072915	41.7464
2 6 4			-0.34		-0.49		0.51		0.18196	0.8772	60.3635846112	78.02
6 0 8			-0.45		-0.94		0.96		0.17994	2.9234	64.163237895	5.3359
5 3 7			0.1		-0.85		0.77		0.17996	0.2523	60.5057581853	5.4388
0 4 4			-0.01		-0.86		0.78		0.18574	0.8482	39.0545896029	78.0016
3 3 3			0.04		-0.81		0.69		0.18581	0.8081	39.7679129272	70.9373
1 3 3			0.03		-0.78		0.62		0.18621	0.7045	30.3940112777	66.1614
3 1 9			0.03		-0.75		0.56		0.18788	0.36	45.2950695798	8.7768
4 2 8			0.02		-0.73		0.52		0.18789	0.7605	51.4203212226	2.5419
3 1 15			0.02		-0.71		0.48		0.18662	0.2871	67.3554895111	7.7692
1 7 7			0.02		-0.69		0.44		0.18551	0.4353	72.3061031614	6.1143
0 6 8			-0.16		-0.85		0.61		0.18505	0.7694	64.1950429677	5.6946
1 3 15			0.02		-0.84		0.57		0.1839	0.2862	67.3623786269	8.1809
3 3 7			0.01		-0.83		0.56		0.18428	0.1558	47.1418707618	3.5073
7 1 7			0.01		-0.81		0.53		0.18204	0.3505	72.2660298289	5.0526
4 0 4			-0.01		-0.82		0.53		0.18424	1.2165	39.0343929222	79.1487
1 1 7			0.0		-0.82		0.52		0.17939	0.2012	29.7561292971	6.5386
3 5 7			0.01		-0.8		0.5		0.17943	0.2309	60.5203777188	5.6046
3 7 3			0.01		-0.79		0.47		0.17943	0.8954	72.6346668965	71.6226
4 4 2			0.0		-0.79		0.47		0.17949	1.2125	52.0311030722	128.6454
0 6 12			-0.0		-0.79		0.47		0.18037	0.3425	75.0250979777	1.887
2 4 8			0.01		-0.78		0.45		0.18026	0.1687	51.4325245866	2.4593
3 1 3			0.0		-0.78		0.45		0.18038	1.2003	30.3814370344	67.5761
2 4 12			-0.05		-0.83		0.5		0.18096	0.2205	63.4791913795	4.8908
5 5 7			0.01		-0.82		0.48		0.18148	0.6639	72.2860687267	4.3062
1 3 9			0.01		-0.81		0.47		0.18154	0.2622	45.3040218183	7.1674
0 2 8			-0.13		-0.95		0.6		0.1718	0.1155	35.7619852008	1.7384
0 2 0			0.0		-0.95		0.6		0.1718	1.4407	17.6394681947	177.2483
2 2 2			0.01		-0.94		0.58		0.17188	1.1162	26.2109248846	125.5642
1 3 1			0.01		-0.93		0.57		0.17198	0.5324	28.3265170018	42.1271
3 1 11			-1.97		-2.9		2.53		0.12238	2.3814	52.0481274199	292.2152
2 2 0			-0.01		-2.9		2.54		0.12239	11.1953	25.0390113278	1035.9387
3 1 7			0.04		-2.87		2.47		0.12206	0.257	39.2655360855	5.205
7 3 3			0.04		-2.83		2.4		0.12204	1.9283	72.601334037	69.5466
6 2 6			-9.6		-12.43		12.0		0.16378	3.9921	63.2107357729	344.5633
6 0 12			0.16		-12.27		11.68		0.16376	0.5892	74.995462768	0.9301
5 5 3			0.15		-12.12		11.37		0.16376	0.8107	66.8760743485	64.1048
2 0 8			0.13		-11.98		11.1		0.16228	0.1665	35.7565424018	1.5727
7 1 5			-2.34		-14.33		13.44		0.171	1.5264	69.0427278305	98.726
3 3 9			0.15		-14.17		13.14		0.171	0.3816	52.4524123761	12.0632
6 2 4			0.14		-14.04		12.87		0.17158	0.8727	60.3342977717	77.9073
3 3 15			0.13		-13.9		12.6		0.17158	0.3402	73.0835579415	3.8877
2 0 0			0.14		-13.77		12.33		0.17158	2.02	17.6289686615	175.6782
3 3 13			0.04		-13.73		12.25		0.17191	0.5636	65.4922780779	9.1158
1 5 9			0.12		-13.6		12.0		0.17168	0.4394	58.984264935	17.7365
1 5 7			0.13		-13.48		11.75		0.17168	0.6035	54.1236034243	4.2528
0 4 2			0.12		-13.36		11.51		0.17157	3.2657	36.5744795411	137.7475
2 6 2			0.11		-13.25		11.29		0.1714	1.2892	58.5985395934	134.3564
6 2 2			0.1		-13.15		11.09		0.17121	3.3001	58.5687226088	135.1206
4 4 4			0.1		-13.04		10.88		0.17119	0.8476	53.9354251327	76.9211
4 0 2			0.1		-12.94		10.68		0.1711	1.7854	36.5531212028	138.5255
4 2 12			0.08		-12.86		10.51		0.1711	0.2244	63.468523569	4.7972
1 5 3			0.1		-12.76		10.32		0.1711	0.9511	47.585042181	85.8034
2 0 2			0.09		-12.67		10.14		0.1709	0.6502	19.2320929378	35.9547
3 3 1			0.07		-12.6		10.0		0.1709	0.5106	38.1558496662	33.1617
0 2 14			0.06		-12.54		9.88		0.17077	0.2479	58.6982494177	6.3292
0 2 2			0.08		-12.46		9.71		0.17056	0.4614	19.2417464495	36.8131
5 3 1			0.06		-12.4		9.58		0.17054	0.5252	53.2386121167	32.835
6 4 4			-2.35		-14.74		11.93		0.17368	0.6669	69.2748711385	33.991
2 0 14			0.07		-14.68		11.8		0.1736	0.2634	58.6945218607	7.3942
0 2 22			0.08		-14.6		11.65		0.17474	1.8317	96.7387030121	97.213
3 5 1			0.07		-14.53		11.5		0.17474	0.5283	53.2544885252	31.9012
5 1 9			0.08		-14.45		11.35		0.17427	0.4583	58.9619928854	19.0838
0 6 16			0.06		-14.39		11.23		0.17451	0.4825	89.3859051251	7.6515
3 5 3			0.07		-14.33		11.1		0.17451	0.9259	54.5093201099	87.7589
1 1 1			0.08		-14.25		10.94		0.17451	0.5749	13.0194761966	56.7652
5 3 3			0.06		-14.19		10.82		0.17451	0.9351	54.4936931553	89.9375
0 2 18			0.06		-14.13		10.7		0.17319	0.3755	76.3208597895	3.7538
0 2 4			0.06		-14.06		10.57		0.1743	1.326	23.4223631322	110.0283
5 1 3			0.07		-13.99		10.43		0.1743	0.9592	47.5591860667	88.1873
2 2 4			0.07		-13.92		10.29		0.17397	0.7551	29.4672289371	73.6026
7 1 3			0.07		-13.86		10.16		0.17397	1.4031	66.8553232335	91.2915
1 5 13			0.05		-13.81		10.06		0.17233	1.1973	71.2966048402	12.6128
3 1 13			0.04		-13.77		9.99		0.17301	0.3869	59.4126405656	11.7895
1 7 3			0.06		-13.71		9.86		0.17295	0.9932	66.8968211493	90.2271
3 5 9			0.04		-13.67		9.78		0.17295	0.4755	65.0802252419	19.5165
5 3 9			0.03		-13.64		9.72		0.17286	0.4833	65.0662013285	20.8409
1 3 13			0.03		-13.61		9.65		0.17355	0.3907	59.4200243294	11.5335
1 3 5			0.01		-13.59		9.62		0.17313	3.1323	34.189462707	190.138
1 1 13			0.03		-13.56		9.56		0.1761	0.3722	52.9310122384	10.9703
1 1 15			0.04		-13.52		9.48		0.17524	0.656	61.3839959686	20.6242
5 1 13			0.02		-13.49		9.43		0.17399	0.4567	71.2764535317	11.3258
3 1 5			0.0		-13.49		9.42		0.17372	2.8985	34.1781376955	186.2389
2 4 6			-0.02		-13.51		9.44		0.17362	0.785	46.7364348384	64.2552
2 0 4			0.04		-13.46		9.36		0.17416	1.3874	23.4143586184	109.347
1 5 1			0.04		-13.43		9.28		0.17407	0.4978	46.196563203	27.3004
1 1 5			0.05		-13.38		9.19		0.1736	1.9661	22.8949597146	247.5537
1 7 1			0.03		-13.35		9.13		0.17349	0.5219	65.7901743415	26.2984
5 1 1			0.03		-13.32		9.06		0.17339	0.5346	46.1701152	26.7419
7 1 1			0.02		-13.29		9.01		0.17326	0.5207	65.7483230412	25.2044
2 0 6			0.05		-13.24		8.91		0.17326	1.6278	29.1406672869	128.8477
0 2 16			0.0		-13.24		8.91		0.17322	1.8687	67.2407114996	13.8307
2 0 16			0.01		-13.23		8.89		0.17317	0.5935	67.2372591268	11.8907
0 2 6			0.05		-13.19		8.8		0.17315	1.1672	29.1471999487	131.5155
0 0 2			0.04		-13.14		8.71		0.17325	1.161	7.62646333295	98.931
0 6 18			-0.08		-13.22		8.79		0.17534	0.7949	98.0280769063	1.8601
2 4 2			-0.02		-13.24		8.81		0.17549	0.3828	40.8766170199	13.2501
1 1 11			-0.2		-13.44		9.01		0.17121	2.144	44.8525636461	378.5934