HKL Value		Reward		TotalReward	Chi Squared	Z Appr. 	Error	Two-Thetas	Sfs2
3 1 1			0.0		0.0		0.0		0.2	0.5239	28.3131072915	41.7464
1 3 7			0.0		0.0		0.28		0.18465	0.1893	39.2755843192	5.3372
2 6 4			0.08		0.08		0.11		0.26067	0.8772	60.3635846112	78.02
6 0 8			0.02		0.1		0.08		0.26282	2.9234	64.163237895	5.3359
5 3 7			0.01		0.11		0.06		0.26225	0.2523	60.5057581853	5.4388
0 4 4			0.0		0.11		0.05		0.26269	0.8482	39.0545896029	78.0016
3 3 3			-0.0		0.11		0.05		0.263	0.8081	39.7679129272	70.9373
1 3 3			-0.01		0.1		0.07		0.26014	0.7045	30.3940112777	66.1614
4 0 6			-12.61		-12.51		12.67		0.33061	5.3963	42.900258124	488.2208
3 1 9			0.7		-11.81		11.27		0.3305	0.36	45.2950695798	8.7768
1 5 11			-19.21		-31.02		30.49		0.45926	1.8219	64.7342781598	204.7444
4 2 8			1.38		-29.64		27.72		0.45926	0.7605	51.4203212226	2.5419
3 1 15			1.15		-28.49		25.42		0.45924	0.2871	67.3554895111	7.7692
0 6 8			0.91		-27.58		23.61		0.4596	0.7694	64.1950429677	5.6946
1 7 7			0.84		-26.74		21.93		0.45976	0.4353	72.3061031614	6.1143
1 3 15			0.72		-26.02		20.48		0.45971	0.2862	67.3623786269	8.1809
3 3 7			0.63		-25.39		19.23		0.45973	0.1558	47.1418707618	3.5073
7 1 5			-7.06		-32.45		26.29		0.45195	1.5264	69.0427278305	98.726
7 1 7			0.73		-31.72		24.84		0.45209	0.3505	72.2660298289	5.0526
4 0 4			0.65		-31.07		23.53		0.45214	1.2165	39.0343929222	79.1487
1 1 7			0.56		-30.51		22.41		0.45318	0.2012	29.7561292971	6.5386
5 1 7			0.53		-29.98		21.34		0.45325	0.2609	54.1000446603	4.252
3 3 13			0.28		-29.7		20.79		0.45316	0.5636	65.4922780779	9.1158
3 7 3			0.45		-29.25		19.88		0.45315	0.8954	72.6346668965	71.6226
3 5 7			0.41		-28.83		19.06		0.45316	0.2309	60.5203777188	5.6046
4 4 2			0.37		-28.47		18.33		0.45316	1.2125	52.0311030722	128.6454
2 0 14			0.28		-28.19		17.77		0.45296	0.2634	58.6945218607	7.3942
2 4 8			0.33		-27.86		17.11		0.453	0.1687	51.4325245866	2.4593
0 6 12			0.3		-27.56		16.5		0.45291	0.3425	75.0250979777	1.887
3 1 3			0.28		-27.27		15.94		0.45291	1.2003	30.3814370344	67.5761
0 4 2			0.25		-27.02		15.43		0.45288	3.2657	36.5744795411	137.7475
2 4 12			0.23		-26.79		14.98		0.45288	0.2205	63.4791913795	4.8908
5 5 7			0.23		-26.57		14.52		0.45302	0.6639	72.2860687267	4.3062
0 2 8			0.18		-26.39		14.16		0.4542	0.1155	35.7619852008	1.7384
1 3 9			0.2		-26.18		13.76		0.45426	0.2622	45.3040218183	7.1674
0 2 0			0.19		-26.0		13.38		0.45426	1.4407	17.6394681947	177.2483
2 2 0			0.15		-25.85		13.08		0.45426	11.1953	25.0390113278	1035.9387
2 2 2			0.1		-25.75		12.88		0.45407	1.1162	26.2109248846	125.5642
1 3 1			0.17		-25.58		12.55		0.45407	0.5324	28.3265170018	42.1271
3 1 7			0.16		-25.42		12.23		0.45407	0.257	39.2655360855	5.205
7 3 3			0.15		-25.27		11.92		0.45407	1.9283	72.601334037	69.5466
6 0 12			0.14		-25.13		11.65		0.45389	0.5892	74.995462768	0.9301
5 5 3			0.14		-24.99		11.37		0.45389	0.8107	66.8760743485	64.1048
3 3 9			0.12		-24.87		11.12		0.45389	0.3816	52.4524123761	12.0632
1 5 9			0.06		-24.81		11.01		0.45425	0.4394	58.984264935	17.7365
2 0 0			0.11		-24.7		10.78		0.45425	2.02	17.6289686615	175.6782
2 0 8			0.09		-24.61		10.6		0.45551	0.1665	35.7565424018	1.5727
1 5 7			0.11		-24.5		10.38		0.45558	0.6035	54.1236034243	4.2528
6 2 2			0.1		-24.4		10.18		0.45549	3.3001	58.5687226088	135.1206
4 4 4			0.09		-24.3		9.99		0.45549	0.8476	53.9354251327	76.9211
6 2 4			0.1		-24.2		9.79		0.45551	0.8727	60.3342977717	77.9073
4 0 2			0.09		-24.11		9.62		0.45551	1.7854	36.5531212028	138.5255
3 3 15			0.08		-24.03		9.45		0.45551	0.3402	73.0835579415	3.8877
3 3 11			-2.24		-26.27		11.69		0.45554	2.1204	58.6030846927	249.5822
4 2 12			0.1		-26.18		11.5		0.45557	0.2244	63.468523569	4.7972
2 6 2			0.1		-26.08		11.31		0.45551	1.2892	58.5985395934	134.3564
1 5 3			0.1		-25.98		11.11		0.45564	0.9511	47.585042181	85.8034
5 1 9			0.04		-25.95		11.04		0.45608	0.4583	58.9619928854	19.0838
5 3 1			0.06		-25.88		10.91		0.45608	0.5252	53.2386121167	32.835
0 2 2			0.03		-25.85		10.85		0.45581	0.4614	19.2417464495	36.8131
4 6 4			-2.16		-28.01		13.0		0.45738	1.0731	69.291881243	33.3045
0 2 22			0.09		-27.91		12.82		0.45718	1.8317	96.7387030121	97.213
0 2 14			0.08		-27.84		12.66		0.4571	0.2479	58.6982494177	6.3292
3 3 1			0.08		-27.75		12.49		0.4571	0.5106	38.1558496662	33.1617
3 5 1			0.06		-27.69		12.37		0.4571	0.5283	53.2544885252	31.9012
2 0 2			0.04		-27.65		12.28		0.45687	0.6502	19.2320929378	35.9547
3 5 3			0.07		-27.57		12.14		0.45693	0.9259	54.5093201099	87.7589
4 6 0			-1.57		-29.14		13.71		0.45693	0.7863	67.1083315067	59.4729
5 3 3			0.07		-29.07		13.56		0.45698	0.9351	54.4936931553	89.9375
0 2 4			0.09		-28.98		13.37		0.45668	1.326	23.4223631322	110.0283
1 1 1			-0.06		-29.04		13.43		0.45655	0.5749	13.0194761966	56.7652
2 2 4			0.07		-28.97		13.3		0.45599	0.7551	29.4672289371	73.6026
5 1 3			0.09		-28.89		13.13		0.45614	0.9592	47.5591860667	88.1873
3 1 13			0.05		-28.84		13.03		0.45586	0.3869	59.4126405656	11.7895
1 5 13			0.08		-28.76		12.87		0.4561	1.1973	71.2966048402	12.6128
0 6 16			0.06		-28.7		12.75		0.4561	0.4825	89.3859051251	7.6515
1 7 3			0.08		-28.62		12.6		0.45626	0.9932	66.8968211493	90.2271
5 3 9			0.04		-28.58		12.51		0.45635	0.4833	65.0662013285	20.8409
1 3 5			0.05		-28.53		12.4		0.45666	3.1323	34.189462707	190.138
1 1 13			-0.1		-28.63		12.51		0.45124	0.3722	52.9310122384	10.9703
7 1 3			0.07		-28.56		12.37		0.45151	1.4031	66.8553232335	91.2915
0 2 18			0.06		-28.5		12.24		0.45073	0.3755	76.3208597895	3.7538
1 3 13			0.04		-28.46		12.16		0.45021	0.3907	59.4200243294	11.5335
3 5 9			0.04		-28.41		12.08		0.45027	0.4755	65.0802252419	19.5165
1 1 15			0.04		-28.38		12.0		0.44875	0.656	61.3839959686	20.6242
0 6 14			-0.07		-28.45		12.07		0.44925	0.9096	81.7552219026	27.2955
3 1 5			0.03		-28.41		12.01		0.44967	2.8985	34.1781376955	186.2389
5 1 1			-0.14		-28.55		12.15		0.44951	0.5346	46.1701152	26.7419
5 1 13			0.05		-28.5		12.04		0.45027	0.4567	71.2764535317	11.3258
7 1 1			-0.16		-28.65		12.19		0.45014	0.5207	65.7483230412	25.2044
1 5 1			-0.12		-28.77		12.31		0.44999	0.4978	46.196563203	27.3004
1 7 1			-0.12		-28.89		12.43		0.44985	0.5219	65.7901743415	26.2984