HKL Value		Reward		TotalReward	Chi Squared	Z Appr. 	Error	Two-Thetas	Sfs2
3 1 1			0.0		0.0		0.0		0.2	0.5239	28.3131072915	41.7464
1 3 7			0.0		0.0		0.28		0.18465	0.1893	39.2755843192	5.3372
2 6 4			0.08		0.08		0.11		0.26067	0.8772	60.3635846112	78.02
6 0 8			0.02		0.1		0.08		0.26282	2.9234	64.163237895	5.3359
5 3 7			0.01		0.11		0.06		0.26225	0.2523	60.5057581853	5.4388
4 2 4			-5.92		-5.81		5.98		0.38617	0.7624	43.1345383828	64.2766
0 4 4			0.25		-5.56		5.49		0.39206	0.8482	39.0545896029	78.0016
3 3 3			0.39		-5.18		4.71		0.3919	0.8081	39.7679129272	70.9373
1 3 3			0.28		-4.9		4.16		0.39367	0.7045	30.3940112777	66.1614
3 1 9			0.21		-4.68		3.73		0.39468	0.36	45.2950695798	8.7768
4 2 8			0.19		-4.5		3.36		0.39496	0.7605	51.4203212226	2.5419
3 1 15			0.15		-4.35		3.06		0.39364	0.2871	67.3554895111	7.7692
0 6 8			0.12		-4.23		2.81		0.38975	0.7694	64.1950429677	5.6946
1 7 7			0.11		-4.12		2.6		0.38915	0.4353	72.3061031614	6.1143
1 3 15			0.09		-4.03		2.42		0.38796	0.2862	67.3623786269	8.1809
3 3 7			0.07		-3.96		2.29		0.38749	0.1558	47.1418707618	3.5073
0 6 10			-2.95		-6.91		5.24		0.3507	0.8527	69.1637693973	8.5049
7 1 7			0.1		-6.81		5.03		0.35039	0.3505	72.2660298289	5.0526
4 0 4			0.08		-6.73		4.87		0.35008	1.2165	39.0343929222	79.1487
1 1 7			0.05		-6.68		4.77		0.34989	0.2012	29.7561292971	6.5386
5 1 7			0.04		-6.64		4.69		0.34927	0.2609	54.1000446603	4.252
0 4 16			-35.05		-41.69		39.74		0.44156	1.5557	75.7704700384	94.8658
3 7 3			0.9		-40.79		37.94		0.44156	0.8954	72.6346668965	71.6226
3 5 7			0.82		-39.96		36.29		0.44156	0.2309	60.5203777188	5.6046
4 4 2			0.74		-39.22		34.81		0.44156	1.2125	52.0311030722	128.6454
3 3 13			0.52		-38.7		33.76		0.4415	0.5636	65.4922780779	9.1158
2 4 8			0.65		-38.05		32.47		0.4415	0.1687	51.4325245866	2.4593
0 6 12			0.6		-37.45		31.27		0.44155	0.3425	75.0250979777	1.887
3 1 3			0.56		-36.9		30.15		0.44155	1.2003	30.3814370344	67.5761
2 4 12			0.49		-36.4		29.17		0.44156	0.2205	63.4791913795	4.8908
5 5 7			0.47		-35.93		28.22		0.44162	0.6639	72.2860687267	4.3062
0 2 8			0.36		-35.57		27.5		0.4419	0.1155	35.7619852008	1.7384
1 3 9			0.42		-35.15		26.65		0.4419	0.2622	45.3040218183	7.1674
4 4 12			-17.51		-52.65		44.16		0.44334	1.9475	72.2035773977	130.2426
4 2 0			0.25		-52.4		43.66		0.44334	0.9287	40.0811891304	86.5118
0 2 0			0.62		-51.79		42.43		0.44334	1.4407	17.6394681947	177.2483
2 2 0			0.55		-51.24		41.33		0.44334	11.1953	25.0390113278	1035.9387
2 2 2			0.49		-50.75		40.35		0.44323	1.1162	26.2109248846	125.5642
1 3 1			0.53		-50.22		39.29		0.44323	0.5324	28.3265170018	42.1271
3 1 7			0.5		-49.72		38.29		0.44323	0.257	39.2655360855	5.205
7 3 3			0.48		-49.24		37.33		0.44322	1.9283	72.601334037	69.5466
6 0 12			0.45		-48.78		36.42		0.44322	0.5892	74.995462768	0.9301
5 5 3			0.43		-48.35		35.55		0.44318	0.8107	66.8760743485	64.1048
3 3 9			0.41		-47.94		34.74		0.44318	0.3816	52.4524123761	12.0632
1 5 9			0.32		-47.62		34.1		0.44318	0.4394	58.984264935	17.7365
2 0 0			0.37		-47.25		33.36		0.44318	2.02	17.6289686615	175.6782
2 0 8			0.3		-46.96		32.77		0.4436	0.1665	35.7565424018	1.5727
1 5 7			0.35		-46.61		32.08		0.44364	0.6035	54.1236034243	4.2528
6 2 2			0.33		-46.28		31.42		0.44362	3.3001	58.5687226088	135.1206
0 4 2			0.31		-45.97		30.79		0.44362	3.2657	36.5744795411	137.7475
4 4 4			0.3		-45.67		30.19		0.44362	0.8476	53.9354251327	76.9211
4 0 2			0.29		-45.38		29.61		0.44352	1.7854	36.5531212028	138.5255
6 2 4			0.28		-45.1		29.05		0.44361	0.8727	60.3342977717	77.9073
4 2 12			0.26		-44.84		28.53		0.44364	0.2244	63.468523569	4.7972
3 3 15			0.25		-44.59		28.03		0.44365	0.3402	73.0835579415	3.8877
2 6 2			0.25		-44.34		27.53		0.44365	1.2892	58.5985395934	134.3564
1 5 3			0.24		-44.1		27.05		0.44376	0.9511	47.585042181	85.8034
3 3 1			0.22		-43.88		26.61		0.44376	0.5106	38.1558496662	33.1617
5 3 1			0.2		-43.68		26.22		0.44376	0.5252	53.2386121167	32.835
5 1 9			0.16		-43.52		25.9		0.44376	0.4583	58.9619928854	19.0838
2 0 14			0.19		-43.33		25.52		0.44346	0.2634	58.6945218607	7.3942
0 2 2			0.16		-43.17		25.2		0.44331	0.4614	19.2417464495	36.8131
0 2 22			0.18		-42.99		24.84		0.44371	1.8317	96.7387030121	97.213
0 2 14			0.18		-42.81		24.48		0.44347	0.2479	58.6982494177	6.3292
3 5 1			0.16		-42.66		24.16		0.44347	0.5283	53.2544885252	31.9012
2 0 2			0.14		-42.51		23.88		0.44332	0.6502	19.2320929378	35.9547
3 5 3			0.16		-42.36		23.57		0.44334	0.9259	54.5093201099	87.7589
5 3 3			0.15		-42.21		23.27		0.44338	0.9351	54.4936931553	89.9375
1 1 1			0.04		-42.17		23.19		0.44329	0.5749	13.0194761966	56.7652
0 2 4			0.17		-42.0		22.85		0.44332	1.326	23.4223631322	110.0283
2 2 4			0.15		-41.85		22.56		0.44308	0.7551	29.4672289371	73.6026
5 1 3			0.15		-41.7		22.26		0.44321	0.9592	47.5591860667	88.1873
3 1 13			0.12		-41.58		22.01		0.44292	0.3869	59.4126405656	11.7895
0 6 16			0.13		-41.45		21.76		0.44288	0.4825	89.3859051251	7.6515
1 5 13			0.13		-41.33		21.51		0.44345	1.1973	71.2966048402	12.6128
1 7 3			0.13		-41.2		21.25		0.44359	0.9932	66.8968211493	90.2271
0 0 22			-22.31		-63.51		43.56		0.43353	2.2765	94.0325860765	137.6091
1 3 5			0.24		-63.27		43.08		0.43357	3.1323	34.189462707	190.138
5 3 9			0.24		-63.03		42.6		0.43357	0.4833	65.0662013285	20.8409
7 1 3			0.25		-62.78		42.1		0.43357	1.4031	66.8553232335	91.2915
0 2 18			0.24		-62.53		41.61		0.43369	0.3755	76.3208597895	3.7538
1 1 13			0.25		-62.28		41.1		0.43362	0.3722	52.9310122384	10.9703
1 3 13			0.23		-62.05		40.65		0.43361	0.3907	59.4200243294	11.5335
3 5 9			0.22		-61.84		40.22		0.4336	0.4755	65.0802252419	19.5165
0 6 18			0.16		-61.68		39.9		0.43334	0.7949	98.0280769063	1.8601
1 1 15			0.22		-61.45		39.45		0.43334	0.656	61.3839959686	20.6242
3 1 5			0.18		-61.27		39.09		0.43336	2.8985	34.1781376955	186.2389
5 1 13			0.17		-61.1		38.74		0.4335	0.4567	71.2764535317	11.3258
1 3 11			-0.23		-61.33		38.98		0.43332	2.4293	52.0561920156	298.4303
1 5 1			0.1		-61.24		38.78		0.43332	0.4978	46.196563203	27.3004
1 7 1			0.09		-61.15		38.6		0.43331	0.5219	65.7901743415	26.2984
1 1 5			0.21		-60.94		38.18		0.43331	1.9661	22.8949597146	247.5537
3 5 5			-0.11		-61.04		38.29		0.43328	1.2751	56.9624934876	133.7285
7 1 1			0.07		-60.97		38.15		0.43327	0.5207	65.7483230412	25.2044
2 6 6			-4.5		-65.47		42.64		0.43376	5.383	63.2392339525	346.2148
5 1 1			0.1		-65.36		42.44		0.43375	0.5346	46.1701152	26.7419
2 0 6			0.13		-65.23		42.17		0.43387	1.6278	29.1406672869	128.8477
2 0 16			0.18		-65.05		41.81		0.43387	0.5935	67.2372591268	11.8907
0 2 16			0.17		-64.88		41.46		0.43387	1.8687	67.2407114996	13.8307
0 2 6			0.12		-64.76		41.23		0.43399	1.1672	29.1471999487	131.5155
5 3 11			-1.92		-66.68		43.14		0.43416	1.8677	70.5420870211	204.0714
0 0 14			-4.69		-71.36		47.83		0.47278	0.8389	55.4890953336	74.9432