HKL Value		Reward		TotalReward	Chi Squared	Z Appr. 	Error	Two-Thetas	Sfs2
6 2 0			0.0		0.0		0.0		0.2	4.3933	57.9728440251	566.5186
1 3 7			0.0		0.0		291.24		0.17863	0.1893	39.2755843192	5.3372
3 1 1			72.74		72.74		145.76		0.18464	0.5239	28.3131072915	41.7464
2 6 6			-63.85		8.89		209.61		0.16676	5.383	63.2392339525	346.2148
2 6 4			25.95		34.84		157.71		0.16773	0.8772	60.3635846112	78.02
6 0 8			15.6		50.44		126.52		0.16694	2.9234	64.163237895	5.3359
5 3 7			10.54		60.98		105.44		0.16694	0.2523	60.5057581853	5.4388
0 4 4			7.41		68.39		90.61		0.16761	0.8482	39.0545896029	78.0016
3 3 3			5.65		74.04		79.3		0.16761	0.8081	39.7679129272	70.9373
1 3 3			4.4		78.44		70.51		0.16761	0.7045	30.3940112777	66.1614
3 1 9			3.51		81.95		63.49		0.16761	0.36	45.2950695798	8.7768
5 3 1			2.79		84.74		57.91		0.16761	0.5252	53.2386121167	32.835
4 2 8			2.41		87.15		53.09		0.16761	0.7605	51.4203212226	2.5419
3 1 15			2.04		89.19		49.0		0.16759	0.2871	67.3554895111	7.7692
0 6 8			1.68		90.88		45.64		0.16673	0.7694	64.1950429677	5.6946
2 4 2			1.14		92.02		43.35		0.16732	0.3828	40.8766170199	13.2501
1 7 7			1.34		93.36		40.67		0.1679	0.4353	72.3061031614	6.1143
1 1 7			1.18		94.54		38.31		0.16988	0.2012	29.7561292971	6.5386
7 1 7			1.06		95.6		36.19		0.17005	0.3505	72.2660298289	5.0526
3 3 7			0.94		96.54		34.31		0.17005	0.1558	47.1418707618	3.5073
1 3 15			0.86		97.4		32.59		0.17005	0.2862	67.3623786269	8.1809
4 0 4			0.75		98.15		31.1		0.17052	1.2165	39.0343929222	79.1487
5 1 7			0.71		98.85		29.68		0.17052	0.2609	54.1000446603	4.252
3 7 3			0.65		99.5		28.39		0.17052	0.8954	72.6346668965	71.6226
3 5 7			0.59		100.09		27.21		0.17052	0.2309	60.5203777188	5.6046
2 4 8			0.54		100.63		26.12		0.17052	0.1687	51.4325245866	2.4593
4 4 2			0.5		101.13		25.13		0.17052	1.2125	52.0311030722	128.6454
2 4 12			0.43		101.56		24.27		0.17061	0.2205	63.4791913795	4.8908
3 1 3			0.43		101.99		23.42		0.17062	1.2003	30.3814370344	67.5761
0 6 12			0.39		102.38		22.63		0.17063	0.3425	75.0250979777	1.887
2 2 0			0.33		102.71		21.97		0.17062	11.1953	25.0390113278	1035.9387
0 2 8			0.32		103.03		21.33		0.16844	0.1155	35.7619852008	1.7384
5 5 7			0.33		103.36		20.67		0.16864	0.6639	72.2860687267	4.3062
0 2 0			0.31		103.66		20.06		0.16862	1.4407	17.6394681947	177.2483
1 3 9			0.29		103.96		19.47		0.16862	0.2622	45.3040218183	7.1674
2 2 2			0.28		104.24		18.92		0.16862	1.1162	26.2109248846	125.5642
1 3 1			0.26		104.5		18.4		0.16869	0.5324	28.3265170018	42.1271
3 3 9			0.24		104.73		17.93		0.16869	0.3816	52.4524123761	12.0632
7 3 3			0.24		104.97		17.46		0.16869	1.9283	72.601334037	69.5466
3 1 7			0.22		105.19		17.01		0.16878	0.257	39.2655360855	5.205
5 5 3			0.21		105.4		16.59		0.16876	0.8107	66.8760743485	64.1048
6 0 12			0.2		105.6		16.19		0.16876	0.5892	74.995462768	0.9301
2 0 0			0.18		105.79		15.82		0.16876	2.02	17.6289686615	175.6782
2 0 8			0.16		105.95		15.5		0.16676	0.1665	35.7565424018	1.5727
1 5 7			0.18		106.12		15.15		0.1669	0.6035	54.1236034243	4.2528
0 4 2			0.17		106.29		14.82		0.16683	3.2657	36.5744795411	137.7475
4 4 4			0.15		106.44		14.51		0.16681	0.8476	53.9354251327	76.9211
3 5 9			0.11		106.56		14.28		0.16681	0.4755	65.0802252419	19.5165
5 1 9			0.13		106.69		14.01		0.16681	0.4583	58.9619928854	19.0838
6 2 4			0.12		106.81		13.77		0.16728	0.8727	60.3342977717	77.9073
3 3 15			0.12		106.94		13.52		0.16728	0.3402	73.0835579415	3.8877
1 5 9			0.12		107.06		13.27		0.16728	0.4394	58.984264935	17.7365
4 0 2			0.13		107.19		13.02		0.1672	1.7854	36.5531212028	138.5255
2 6 2			0.11		107.3		12.79		0.16704	1.2892	58.5985395934	134.3564
1 5 3			0.12		107.42		12.55		0.16704	0.9511	47.585042181	85.8034
2 0 16			0.05		107.47		12.45		0.1667	0.5935	67.2372591268	11.8907
5 3 3			0.08		107.55		12.29		0.1667	0.9351	54.4936931553	89.9375
6 4 6			-0.97		106.58		13.26		0.1667	0.9247	71.9614498967	41.9809
6 2 2			0.11		106.69		13.04		0.16651	3.3001	58.5687226088	135.1206
4 2 12			0.09		106.79		12.85		0.16651	0.2244	63.468523569	4.7972
3 5 3			0.09		106.87		12.68		0.16651	0.9259	54.5093201099	87.7589
1 1 15			0.09		106.96		12.5		0.16651	0.656	61.3839959686	20.6242
0 2 2			0.1		107.06		12.3		0.16642	0.4614	19.2417464495	36.8131
4 0 8			-0.44		106.62		12.75		0.1633	2.9483	47.8850437629	244.3799
3 5 1			0.08		106.7		12.58		0.16323	0.5283	53.2544885252	31.9012
0 2 22			0.07		106.76		12.45		0.16403	1.8317	96.7387030121	97.213
2 0 14			0.07		106.83		12.32		0.16356	0.2634	58.6945218607	7.3942
0 2 14			0.07		106.9		12.17		0.16295	0.2479	58.6982494177	6.3292
2 0 2			0.09		106.99		12.0		0.1627	0.6502	19.2320929378	35.9547
0 2 4			0.05		107.05		11.89		0.16457	1.326	23.4223631322	110.0283
1 1 1			0.08		107.13		11.72		0.16457	0.5749	13.0194761966	56.7652
3 3 1			0.06		107.2		11.59		0.16457	0.5106	38.1558496662	33.1617
1 5 13			0.07		107.27		11.45		0.16373	1.1973	71.2966048402	12.6128
3 1 13			0.04		107.31		11.37		0.16451	0.3869	59.4126405656	11.7895
2 2 4			0.08		107.38		11.22		0.16438	0.7551	29.4672289371	73.6026
5 1 3			0.07		107.46		11.07		0.16438	0.9592	47.5591860667	88.1873
7 1 3			0.07		107.53		10.93		0.16438	1.4031	66.8553232335	91.2915
0 6 16			0.04		107.57		10.84		0.16429	0.4825	89.3859051251	7.6515
1 3 13			0.03		107.6		10.78		0.1651	0.3907	59.4200243294	11.5335
5 1 1			0.05		107.65		10.68		0.16494	0.5346	46.1701152	26.7419
5 3 9			0.04		107.69		10.6		0.16494	0.4833	65.0662013285	20.8409
0 2 18			0.06		107.75		10.49		0.16518	0.3755	76.3208597895	3.7538
6 0 4			-0.61		107.14		11.09		0.15976	0.7069	57.1830782131	42.6751
1 7 3			0.06		107.21		10.96		0.15976	0.9932	66.8968211493	90.2271
1 3 5			0.03		107.24		10.9		0.15925	3.1323	34.189462707	190.138
3 1 5			0.02		107.26		10.86		0.15864	2.8985	34.1781376955	186.2389
1 1 13			-0.1		107.16		10.96		0.16571	0.3722	52.9310122384	10.9703
5 1 13			0.05		107.21		10.86		0.16477	0.4567	71.2764535317	11.3258
1 5 1			0.05		107.26		10.77		0.16461	0.4978	46.196563203	27.3004
2 0 6			0.06		107.32		10.65		0.16461	1.6278	29.1406672869	128.8477
1 7 1			0.04		107.36		10.57		0.16445	0.5219	65.7901743415	26.2984
1 1 5			0.06		107.41		10.45		0.16435	1.9661	22.8949597146	247.5537
0 2 16			0.01		107.43		10.42		0.16409	1.8687	67.2407114996	13.8307
6 2 10			-0.78		106.65		11.2		0.16903	0.7103	71.9901825081	43.9921
7 1 1			0.04		106.69		11.13		0.16889	0.5207	65.7483230412	25.2044
3 3 13			0.01		106.7		11.1		0.16902	0.5636	65.4922780779	9.1158
0 6 18			-0.08		106.62		11.19		0.17036	0.7949	98.0280769063	1.8601
0 2 6			0.06		106.67		11.07		0.17036	1.1672	29.1471999487	131.5155
0 2 10			-0.14		106.54		11.21		0.17544	0.4317	42.9590557724	21.0204
0 6 0			-0.35		106.19		11.56		0.17544	1.4277	54.7714555341	59.4019
4 2 14			-0.01		106.18		11.56		0.17544	1.2576	70.6282605877	19.9713