HKL Value		Reward		TotalReward	Chi Squared	Z Appr. 	Error	Two-Thetas	Sfs2
3 1 1			0.0		0.0		0.0		0.2	0.5239	28.3131072915	41.7464
1 3 7			0.0		0.0		0.28		0.18465	0.1893	39.2755843192	5.3372
2 6 4			0.08		0.08		0.11		0.26067	0.8772	60.3635846112	78.02
6 0 8			0.02		0.1		0.08		0.26282	2.9234	64.163237895	5.3359
5 3 7			0.01		0.11		0.06		0.26225	0.2523	60.5057581853	5.4388
0 4 4			0.0		0.11		0.05		0.26269	0.8482	39.0545896029	78.0016
4 6 2			-11.25		-11.14		11.3		0.27122	0.2349	67.657370766	5.5969
3 3 3			0.8		-10.33		9.69		0.27164	0.8081	39.7679129272	70.9373
1 3 3			0.59		-9.74		8.51		0.26901	0.7045	30.3940112777	66.1614
3 1 9			0.46		-9.28		7.59		0.2656	0.36	45.2950695798	8.7768
4 2 8			0.38		-8.9		6.83		0.26629	0.7605	51.4203212226	2.5419
1 1 7			0.31		-8.6		6.22		0.25313	0.2012	29.7561292971	6.5386
3 3 7			0.24		-8.35		5.74		0.25289	0.1558	47.1418707618	3.5073
6 2 0			-21.96		-30.32		27.7		0.25289	4.3933	57.9728440251	566.5186
0 6 8			0.99		-29.33		25.72		0.25306	0.7694	64.1950429677	5.6946
7 1 7			0.86		-28.47		24.01		0.25284	0.3505	72.2660298289	5.0526
1 3 13			0.63		-27.84		22.75		0.25673	0.3907	59.4200243294	11.5335
4 0 4			0.67		-27.18		21.42		0.25679	1.2165	39.0343929222	79.1487
1 3 15			0.59		-26.59		20.24		0.25644	0.2862	67.3623786269	8.1809
3 1 15			0.53		-26.06		19.18		0.25617	0.2871	67.3554895111	7.7692
2 4 12			0.43		-25.62		18.31		0.25638	0.2205	63.4791913795	4.8908
3 7 3			0.43		-25.19		17.45		0.25625	0.8954	72.6346668965	71.6226
5 1 7			0.4		-24.79		16.66		0.25632	0.2609	54.1000446603	4.252
2 6 2			0.31		-24.49		16.04		0.2564	1.2892	58.5985395934	134.3564
3 5 7			0.33		-24.15		15.37		0.25637	0.2309	60.5203777188	5.6046
0 2 8			0.3		-23.86		14.78		0.25658	0.1155	35.7619852008	1.7384
1 1 13			0.27		-23.59		14.24		0.26023	0.3722	52.9310122384	10.9703
4 4 2			0.26		-23.33		13.72		0.26023	1.2125	52.0311030722	128.6454
2 4 8			0.24		-23.08		13.23		0.26029	0.1687	51.4325245866	2.4593
2 4 2			0.07		-23.01		13.09		0.26021	0.3828	40.8766170199	13.2501
1 7 7			0.21		-22.8		12.67		0.25966	0.4353	72.3061031614	6.1143
0 0 6			0.07		-22.73		12.53		0.27053	7.4326	23.0169618987	709.6598
3 1 3			0.19		-22.54		12.15		0.27028	1.2003	30.3814370344	67.5761
2 2 2			0.18		-22.36		11.79		0.27042	1.1162	26.2109248846	125.5642
5 5 7			0.16		-22.2		11.46		0.26936	0.6639	72.2860687267	4.3062
1 3 9			0.16		-22.03		11.13		0.26923	0.2622	45.3040218183	7.1674
0 2 0			0.15		-21.89		10.84		0.26923	1.4407	17.6394681947	177.2483
3 3 9			0.13		-21.75		10.57		0.26911	0.3816	52.4524123761	12.0632
0 2 18			0.12		-21.63		10.34		0.27331	0.3755	76.3208597895	3.7538
1 3 1			0.13		-21.5		10.07		0.27331	0.5324	28.3265170018	42.1271
2 0 0			0.12		-21.39		9.84		0.27331	2.02	17.6289686615	175.6782
2 0 8			0.12		-21.27		9.6		0.27369	0.1665	35.7565424018	1.5727
5 5 3			0.11		-21.16		9.39		0.27334	0.8107	66.8760743485	64.1048
7 1 5			-1.95		-23.11		11.34		0.20916	1.5264	69.0427278305	98.726
3 1 7			0.13		-22.98		11.08		0.20916	0.257	39.2655360855	5.205
4 2 10			-1.44		-24.42		12.52		0.21104	1.1102	57.0442200735	11.3144
2 0 14			0.12		-24.3		12.29		0.21122	0.2634	58.6945218607	7.3942
6 0 12			0.12		-24.18		12.04		0.21137	0.5892	74.995462768	0.9301
7 3 3			0.13		-24.06		11.79		0.21137	1.9283	72.601334037	69.5466
4 4 4			0.11		-23.95		11.57		0.21132	0.8476	53.9354251327	76.9211
1 5 7			0.08		-23.86		11.41		0.21115	0.6035	54.1236034243	4.2528
5 3 5			-0.66		-24.53		12.07		0.2109	2.2247	56.9473208346	134.0256
0 4 2			0.11		-24.42		11.85		0.21084	3.2657	36.5744795411	137.7475
0 6 12			0.11		-24.31		11.63		0.21088	0.3425	75.0250979777	1.887
3 3 15			0.1		-24.21		11.44		0.21084	0.3402	73.0835579415	3.8877
0 2 22			0.07		-24.14		11.29		0.21169	1.8317	96.7387030121	97.213
2 0 2			0.08		-24.06		11.14		0.2114	0.6502	19.2320929378	35.9547
6 2 2			0.08		-23.98		10.98		0.2113	3.3001	58.5687226088	135.1206
5 1 11			-3.36		-27.34		14.34		0.18333	3.2753	64.7131722767	203.727
2 2 0			0.1		-27.25		14.14		0.18333	11.1953	25.0390113278	1035.9387
6 2 4			0.11		-27.14		13.92		0.18359	0.8727	60.3342977717	77.9073
0 2 14			0.09		-27.05		13.75		0.18365	0.2479	58.6982494177	6.3292
4 0 2			0.11		-26.94		13.53		0.18358	1.7854	36.5531212028	138.5255
0 2 4			0.1		-26.84		13.33		0.18398	1.326	23.4223631322	110.0283
4 2 12			0.09		-26.75		13.14		0.1841	0.2244	63.468523569	4.7972
0 6 16			0.07		-26.67		13.0		0.18417	0.4825	89.3859051251	7.6515
0 2 2			0.09		-26.58		12.81		0.18399	0.4614	19.2417464495	36.8131
4 0 8			-0.52		-27.1		13.33		0.18346	2.9483	47.8850437629	244.3799
1 3 5			0.04		-27.06		13.25		0.18323	3.1323	34.189462707	190.138
3 5 3			0.08		-26.98		13.1		0.18318	0.9259	54.5093201099	87.7589
5 3 1			0.08		-26.9		12.94		0.18315	0.5252	53.2386121167	32.835
2 2 6			-0.34		-27.24		13.28		0.18537	8.3224	34.2684003079	615.2447
1 5 13			0.04		-27.2		13.2		0.18364	1.1973	71.2966048402	12.6128
1 5 9			0.08		-27.12		13.04		0.18304	0.4394	58.984264935	17.7365
2 2 4			0.08		-27.04		12.88		0.18264	0.7551	29.4672289371	73.6026
1 1 1			0.09		-26.96		12.71		0.18264	0.5749	13.0194761966	56.7652
3 5 1			0.07		-26.89		12.58		0.18261	0.5283	53.2544885252	31.9012
3 3 1			0.07		-26.83		12.45		0.18261	0.5106	38.1558496662	33.1617
3 1 13			0.06		-26.77		12.33		0.18298	0.3869	59.4126405656	11.7895
5 1 3			0.08		-26.69		12.18		0.18298	0.9592	47.5591860667	88.1873
1 5 3			0.08		-26.61		12.02		0.18294	0.9511	47.585042181	85.8034
2 0 6			0.07		-26.54		11.88		0.18271	1.6278	29.1406672869	128.8477
3 7 1			-0.01		-26.55		11.89		0.18263	1.2822	71.5694631273	22.2453
3 5 9			0.05		-26.51		11.8		0.18254	0.4755	65.0802252419	19.5165
7 1 3			0.07		-26.44		11.66		0.18248	1.4031	66.8553232335	91.2915
5 1 13			0.02		-26.42		11.63		0.18073	0.4567	71.2764535317	11.3258
1 7 1			0.04		-26.38		11.54		0.18058	0.5219	65.7901743415	26.2984
2 0 16			0.03		-26.35		11.49		0.18068	0.5935	67.2372591268	11.8907
0 2 6			0.06		-26.29		11.36		0.18048	1.1672	29.1471999487	131.5155
3 1 5			0.01		-26.28		11.34		0.18018	2.8985	34.1781376955	186.2389
1 1 5			0.05		-26.23		11.24		0.17946	1.9661	22.8949597146	247.5537
5 3 9			0.04		-26.19		11.17		0.17941	0.4833	65.0662013285	20.8409
1 5 1			0.04		-26.15		11.08		0.1793	0.4978	46.196563203	27.3004
1 7 3			0.06		-26.09		10.97		0.17923	0.9932	66.8968211493	90.2271
1 1 15			0.04		-26.06		10.9		0.17816	0.656	61.3839959686	20.6242
1 1 11			-0.22		-26.28		11.12		0.17572	2.144	44.8525636461	378.5934
0 2 16			0.01		-26.26		11.09		0.17573	1.8687	67.2407114996	13.8307
6 0 4			-0.64		-26.9		11.73		0.17135	0.7069	57.1830782131	42.6751
5 5 1			-0.03		-26.93		11.76		0.1715	0.5073	65.769247456	23.9531
7 3 1			-0.01		-26.94		11.77		0.17145	0.5095	71.5359286583	22.1332