HKL Value		Reward		TotalReward	Chi Squared	Z Appr. 	Error	Two-Thetas	Sfs2
3 1 1			0.0		0.0		0.0		0.2	0.5239	28.3131072915	41.7464
1 3 7			0.0		0.0		0.28		0.18465	0.1893	39.2755843192	5.3372
2 6 4			0.08		0.08		0.11		0.26067	0.8772	60.3635846112	78.02
6 0 8			0.02		0.1		0.08		0.26282	2.9234	64.163237895	5.3359
5 3 7			0.01		0.11		0.06		0.26225	0.2523	60.5057581853	5.4388
0 4 4			0.0		0.11		0.05		0.26269	0.8482	39.0545896029	78.0016
3 3 3			-0.0		0.11		0.05		0.263	0.8081	39.7679129272	70.9373
1 3 3			-0.01		0.1		0.07		0.26014	0.7045	30.3940112777	66.1614
0 0 2			-0.31		-0.21		0.37		0.26888	1.161	7.62646333295	98.931
3 1 9			0.01		-0.2		0.36		0.26578	0.36	45.2950695798	8.7768
4 2 8			0.02		-0.18		0.32		0.26649	0.7605	51.4203212226	2.5419
1 1 7			0.01		-0.17		0.3		0.25313	0.2012	29.7561292971	6.5386
3 3 7			-0.01		-0.18		0.31		0.2529	0.1558	47.1418707618	3.5073
0 6 8			0.01		-0.17		0.29		0.25307	0.7694	64.1950429677	5.6946
7 1 7			0.01		-0.16		0.27		0.25288	0.3505	72.2660298289	5.0526
1 3 15			0.01		-0.16		0.26		0.25231	0.2862	67.3623786269	8.1809
2 4 2			-0.55		-0.71		0.81		0.25223	0.3828	40.8766170199	13.2501
4 0 4			0.02		-0.69		0.77		0.25226	1.2165	39.0343929222	79.1487
3 1 15			0.02		-0.67		0.73		0.25188	0.2871	67.3554895111	7.7692
3 7 3			0.02		-0.65		0.7		0.25172	0.8954	72.6346668965	71.6226
2 4 12			-0.06		-0.71		0.76		0.2518	0.2205	63.4791913795	4.8908
5 1 7			0.02		-0.69		0.72		0.25273	0.2609	54.1000446603	4.252
3 5 7			0.02		-0.68		0.69		0.25268	0.2309	60.5203777188	5.6046
4 0 10			-2.54		-3.22		3.23		0.30531	0.6243	53.7713327333	45.2096
4 4 2			0.06		-3.16		3.11		0.30531	1.2125	52.0311030722	128.6454
1 5 11			-7.81		-10.96		10.91		0.2752	1.8219	64.7342781598	204.7444
0 2 8			0.21		-10.75		10.5		0.2753	0.1155	35.7619852008	1.7384
2 4 8			0.19		-10.56		10.11		0.2753	0.1687	51.4325245866	2.4593
1 7 7			0.16		-10.39		9.78		0.27515	0.4353	72.3061031614	6.1143
2 4 10			-1.72		-12.12		11.5		0.27235	0.607	57.0555982332	12.0937
3 1 3			0.19		-11.93		11.12		0.27233	1.2003	30.3814370344	67.5761
2 2 2			0.17		-11.75		10.77		0.27233	1.1162	26.2109248846	125.5642
5 5 7			0.16		-11.59		10.46		0.27223	0.6639	72.2860687267	4.3062
0 2 0			0.15		-11.44		10.16		0.27223	1.4407	17.6394681947	177.2483
1 3 9			0.15		-11.3		9.86		0.27223	0.2622	45.3040218183	7.1674
1 3 1			0.14		-11.15		9.58		0.27223	0.5324	28.3265170018	42.1271
3 3 9			0.12		-11.03		9.34		0.27219	0.3816	52.4524123761	12.0632
2 0 0			0.12		-10.92		9.11		0.27219	2.02	17.6289686615	175.6782
5 5 3			0.11		-10.81		8.88		0.27211	0.8107	66.8760743485	64.1048
4 6 6			-1.11		-11.92		9.99		0.27113	1.1903	71.9781772466	41.9784
2 0 8			0.12		-11.79		9.75		0.27124	0.1665	35.7565424018	1.5727
3 1 7			0.12		-11.68		9.51		0.2712	0.257	39.2655360855	5.205
6 0 12			0.11		-11.56		9.29		0.27123	0.5892	74.995462768	0.9301
7 3 3			0.11		-11.46		9.07		0.27123	1.9283	72.601334037	69.5466
4 4 4			0.09		-11.37		8.89		0.27123	0.8476	53.9354251327	76.9211
2 0 14			0.07		-11.3		8.76		0.27175	0.2634	58.6945218607	7.3942
1 5 7			0.09		-11.21		8.57		0.27165	0.6035	54.1236034243	4.2528
0 4 2			0.08		-11.12		8.41		0.27166	3.2657	36.5744795411	137.7475
0 2 22			0.07		-11.05		8.27		0.27174	1.8317	96.7387030121	97.213
5 3 9			0.04		-11.02		8.19		0.27179	0.4833	65.0662013285	20.8409
6 4 6			-0.88		-11.89		9.07		0.27095	0.9247	71.9614498967	41.9809
6 2 4			0.09		-11.81		8.89		0.27095	0.8727	60.3342977717	77.9073
0 6 12			0.08		-11.72		8.73		0.2711	0.3425	75.0250979777	1.887
3 3 15			0.07		-11.65		8.58		0.2711	0.3402	73.0835579415	3.8877
2 0 2			0.05		-11.6		8.49		0.27121	0.6502	19.2320929378	35.9547
2 6 2			0.06		-11.55		8.38		0.27129	1.2892	58.5985395934	134.3564
2 0 4			0.05		-11.5		8.28		0.27167	1.3874	23.4143586184	109.347
6 2 2			0.05		-11.44		8.17		0.2717	3.3001	58.5687226088	135.1206
2 2 0			0.05		-11.4		8.08		0.27171	11.1953	25.0390113278	1035.9387
4 0 2			0.06		-11.33		7.95		0.27174	1.7854	36.5531212028	138.5255
0 2 14			0.05		-11.29		7.86		0.27215	0.2479	58.6982494177	6.3292
4 2 12			0.05		-11.24		7.75		0.27223	0.2244	63.468523569	4.7972
3 5 9			0.03		-11.2		7.69		0.27223	0.4755	65.0802252419	19.5165
0 2 4			0.04		-11.17		7.61		0.27265	1.326	23.4223631322	110.0283
0 2 2			0.04		-11.13		7.54		0.27278	0.4614	19.2417464495	36.8131
5 3 1			0.04		-11.09		7.47		0.27278	0.5252	53.2386121167	32.835
1 1 1			0.03		-11.07		7.41		0.27248	0.5749	13.0194761966	56.7652
0 6 16			0.02		-11.04		7.36		0.27251	0.4825	89.3859051251	7.6515
1 3 5			0.03		-11.01		7.3		0.27272	3.1323	34.189462707	190.138
1 5 9			0.05		-10.96		7.21		0.27284	0.4394	58.984264935	17.7365
3 5 1			0.03		-10.94		7.15		0.27282	0.5283	53.2544885252	31.9012
2 2 4			0.0		-10.93		7.15		0.27325	0.7551	29.4672289371	73.6026
1 5 13			-0.02		-10.95		7.17		0.27403	1.1973	71.2966048402	12.6128
3 3 1			0.03		-10.92		7.1		0.27403	0.5106	38.1558496662	33.1617
3 1 13			0.03		-10.89		7.05		0.27386	0.3869	59.4126405656	11.7895
5 1 3			0.0		-10.89		7.04		0.27334	0.9592	47.5591860667	88.1873
3 5 3			0.02		-10.87		7.0		0.27328	0.9259	54.5093201099	87.7589
1 5 3			0.01		-10.86		6.98		0.27279	0.9511	47.585042181	85.8034
0 2 18			0.03		-10.82		6.91		0.27326	0.3755	76.3208597895	3.7538
1 1 13			0.04		-10.78		6.83		0.27316	0.3722	52.9310122384	10.9703
7 1 3			-0.01		-10.79		6.84		0.27272	1.4031	66.8553232335	91.2915
0 6 18			-0.13		-10.92		6.96		0.26989	0.7949	98.0280769063	1.8601
1 3 13			0.02		-10.89		6.92		0.26987	0.3907	59.4200243294	11.5335
2 0 6			-0.1		-10.99		7.01		0.27179	1.6278	29.1406672869	128.8477
5 1 13			-0.05		-11.04		7.07		0.27279	0.4567	71.2764535317	11.3258
1 1 5			-0.06		-11.1		7.13		0.26903	1.9661	22.8949597146	247.5537