HKL Value		Reward		TotalReward	Chi Squared	Z Appr. 	Error	Two-Thetas	Sfs2
1 3 7			0.0		0.0		0.0		0.2	0.1893	39.2755843192	5.3372
3 1 1			0.0		0.0		0.28		0.18465	0.5239	28.3131072915	41.7464
2 6 4			0.08		0.08		0.11		0.26067	0.8772	60.3635846112	78.02
6 0 8			0.02		0.1		0.08		0.26282	2.9234	64.163237895	5.3359
5 3 7			0.01		0.11		0.06		0.26225	0.2523	60.5057581853	5.4388
0 4 4			0.0		0.11		0.05		0.26269	0.8482	39.0545896029	78.0016
3 3 3			-0.0		0.11		0.05		0.263	0.8081	39.7679129272	70.9373
1 3 3			-0.01		0.1		0.07		0.26014	0.7045	30.3940112777	66.1614
3 1 9			0.01		0.11		0.05		0.23849	0.36	45.2950695798	8.7768
4 2 8			0.0		0.11		0.05		0.23782	0.7605	51.4203212226	2.5419
2 0 6			-0.46		-0.35		0.51		0.18773	1.6278	29.1406672869	128.8477
3 1 15			0.02		-0.33		0.47		0.18695	0.2871	67.3554895111	7.7692
0 6 8			-0.18		-0.51		0.64		0.18683	0.7694	64.1950429677	5.6946
1 7 7			0.02		-0.49		0.6		0.18577	0.4353	72.3061031614	6.1143
1 3 15			0.02		-0.47		0.56		0.18484	0.2862	67.3623786269	8.1809
3 3 7			0.01		-0.46		0.55		0.18514	0.1558	47.1418707618	3.5073
7 1 7			0.01		-0.45		0.52		0.18291	0.3505	72.2660298289	5.0526
4 0 4			-0.0		-0.45		0.53		0.18484	1.2165	39.0343929222	79.1487
1 1 7			0.0		-0.45		0.52		0.17986	0.2012	29.7561292971	6.5386
5 1 7			0.01		-0.44		0.5		0.17858	0.2609	54.1000446603	4.252
3 5 7			0.01		-0.43		0.48		0.17861	0.2309	60.5203777188	5.6046
3 7 3			0.01		-0.42		0.46		0.17861	0.8954	72.6346668965	71.6226
4 4 2			0.0		-0.41		0.45		0.17867	1.2125	52.0311030722	128.6454
2 4 8			0.01		-0.41		0.44		0.17859	0.1687	51.4325245866	2.4593
0 6 12			-0.0		-0.41		0.44		0.17921	0.3425	75.0250979777	1.887
6 2 6			-13.73		-14.14		14.17		0.17015	3.9921	63.2107357729	344.5633
1 5 9			0.25		-13.89		13.66		0.16998	0.4394	58.984264935	17.7365
3 1 3			0.25		-13.64		13.17		0.16998	1.2003	30.3814370344	67.5761
5 5 7			0.23		-13.41		12.71		0.17022	0.6639	72.2860687267	4.3062
2 4 12			0.19		-13.23		12.34		0.17022	0.2205	63.4791913795	4.8908
1 3 1			0.2		-13.02		11.93		0.17028	0.5324	28.3265170018	42.1271
1 3 9			0.19		-12.83		11.55		0.17028	0.2622	45.3040218183	7.1674
0 2 8			0.15		-12.68		11.25		0.16825	0.1155	35.7619852008	1.7384
0 2 0			0.16		-12.52		10.93		0.16824	1.4407	17.6394681947	177.2483
3 1 7			0.16		-12.36		10.61		0.16824	0.257	39.2655360855	5.205
2 2 2			0.15		-12.21		10.31		0.16827	1.1162	26.2109248846	125.5642
2 0 8			0.12		-12.09		10.07		0.16645	0.1665	35.7565424018	1.5727
7 3 3			0.14		-11.96		9.8		0.16645	1.9283	72.601334037	69.5466
2 2 0			0.09		-11.86		9.61		0.16645	11.1953	25.0390113278	1035.9387
6 0 12			0.12		-11.74		9.37		0.16645	0.5892	74.995462768	0.9301
5 5 3			0.12		-11.63		9.14		0.16645	0.8107	66.8760743485	64.1048
1 3 13			0.04		-11.58		9.05		0.16739	0.3907	59.4200243294	11.5335
3 3 9			0.1		-11.49		8.86		0.16739	0.3816	52.4524123761	12.0632
6 2 4			0.08		-11.41		8.7		0.16797	0.8727	60.3342977717	77.9073
3 3 15			0.08		-11.32		8.53		0.16797	0.3402	73.0835579415	3.8877
2 0 0			0.09		-11.24		8.36		0.16797	2.02	17.6289686615	175.6782
1 5 7			0.09		-11.15		8.18		0.16807	0.6035	54.1236034243	4.2528
0 4 2			0.08		-11.06		8.01		0.168	3.2657	36.5744795411	137.7475
2 6 2			0.07		-10.99		7.86		0.1678	1.2892	58.5985395934	134.3564
4 0 2			0.08		-10.91		7.7		0.16775	1.7854	36.5531212028	138.5255
6 2 2			0.07		-10.84		7.56		0.16758	3.3001	58.5687226088	135.1206
2 0 2			0.07		-10.77		7.42		0.16739	0.6502	19.2320929378	35.9547
4 4 4			0.06		-10.7		7.29		0.16734	0.8476	53.9354251327	76.9211
3 5 1			0.05		-10.66		7.2		0.16729	0.5283	53.2544885252	31.9012
4 2 12			0.05		-10.61		7.1		0.16729	0.2244	63.468523569	4.7972
0 2 2			0.06		-10.55		6.98		0.16715	0.4614	19.2417464495	36.8131
1 5 3			0.06		-10.48		6.85		0.16715	0.9511	47.585042181	85.8034
6 0 10			-0.86		-11.34		7.71		0.15854	1.0728	69.1331306246	8.9056
3 3 1			0.04		-11.3		7.62		0.15854	0.5106	38.1558496662	33.1617
3 3 13			-0.03		-11.32		7.65		0.15858	0.5636	65.4922780779	9.1158
0 2 14			0.04		-11.28		7.56		0.15817	0.2479	58.6982494177	6.3292
5 3 1			0.05		-11.23		7.47		0.15814	0.5252	53.2386121167	32.835
2 0 14			0.04		-11.2		7.39		0.15767	0.2634	58.6945218607	7.3942
0 2 22			0.03		-11.17		7.34		0.15746	1.8317	96.7387030121	97.213
2 0 4			0.01		-11.16		7.33		0.15871	1.3874	23.4143586184	109.347
5 1 9			0.04		-11.12		7.24		0.15899	0.4583	58.9619928854	19.0838
0 6 16			0.02		-11.09		7.19		0.15893	0.4825	89.3859051251	7.6515
2 6 10			-1.18		-12.27		8.37		0.16358	0.7069	72.0169435829	44.7171
6 2 8			-0.8		-13.07		9.17		0.15802	3.3751	67.1207225085	222.106
3 5 3			0.05		-13.02		9.07		0.15802	0.9259	54.5093201099	87.7589
1 1 1			0.06		-12.96		8.94		0.15813	0.5749	13.0194761966	56.7652
1 5 13			0.06		-12.9		8.83		0.15779	1.1973	71.2966048402	12.6128
0 2 4			0.02		-12.88		8.79		0.15941	1.326	23.4223631322	110.0283
0 2 18			0.05		-12.83		8.69		0.16036	0.3755	76.3208597895	3.7538
5 1 3			0.06		-12.78		8.58		0.16036	0.9592	47.5591860667	88.1873
5 3 3			0.04		-12.74		8.51		0.16036	0.9351	54.4936931553	89.9375
2 2 4			0.06		-12.68		8.39		0.16029	0.7551	29.4672289371	73.6026
7 1 3			0.05		-12.63		8.29		0.16029	1.4031	66.8553232335	91.2915
3 1 13			0.02		-12.62		8.26		0.16069	0.3869	59.4126405656	11.7895
3 5 9			0.03		-12.59		8.21		0.16075	0.4755	65.0802252419	19.5165
1 7 3			0.05		-12.54		8.11		0.16075	0.9932	66.8968211493	90.2271
0 4 18			-14.44		-26.98		22.55		0.16527	0.8369	84.5238780681	17.4513
3 1 5			0.09		-26.9		22.38		0.16511	2.8985	34.1781376955	186.2389
1 3 5			0.1		-26.8		22.18		0.16505	3.1323	34.189462707	190.138
5 3 9			0.1		-26.7		21.98		0.16505	0.4833	65.0662013285	20.8409
1 1 13			0.04		-26.65		21.89		0.16637	0.3722	52.9310122384	10.9703
5 1 1			0.11		-26.54		21.67		0.16635	0.5346	46.1701152	26.7419
5 1 13			0.11		-26.43		21.45		0.16611	0.4567	71.2764535317	11.3258
1 1 15			0.11		-26.32		21.23		0.16613	0.656	61.3839959686	20.6242
2 0 16			0.08		-26.24		21.06		0.16607	0.5935	67.2372591268	11.8907
1 3 11			-0.46		-26.7		21.52		0.1656	2.4293	52.0561920156	298.4303
1 5 1			0.1		-26.59		21.31		0.16557	0.4978	46.196563203	27.3004
1 1 5			0.12		-26.48		21.08		0.16552	1.9661	22.8949597146	247.5537
1 7 1			0.09		-26.38		20.89		0.16549	0.5219	65.7901743415	26.2984
7 1 1			0.09		-26.29		20.71		0.16546	0.5207	65.7483230412	25.2044
0 2 16			0.07		-26.23		20.58		0.1654	1.8687	67.2407114996	13.8307
0 2 6			0.11		-26.12		20.37		0.1654	1.1672	29.1471999487	131.5155
0 6 18			0.01		-26.12		20.36		0.16524	0.7949	98.0280769063	1.8601
0 0 2			0.1		-26.02		20.16		0.16533	1.161	7.62646333295	98.931
3 1 11			-0.49		-26.51		20.65		0.16475	2.3814	52.0481274199	292.2152
1 1 11			0.03		-26.48		20.59		0.16324	2.144	44.8525636461	378.5934
2 4 2			0.05		-26.43		20.5		0.1633	0.3828	40.8766170199	13.2501