HKL Value		Reward		TotalReward	Chi Squared	Z Appr. 	Error	Two-Thetas	Sfs2
3 1 1			0.0		0.0		0.0		0.2	0.5239	28.3131072915	41.7464
1 3 7			0.0		0.0		0.28		0.18465	0.1893	39.2755843192	5.3372
2 6 4			0.08		0.08		0.11		0.26067	0.8772	60.3635846112	78.02
6 0 8			0.02		0.1		0.08		0.26282	2.9234	64.163237895	5.3359
3 1 3			0.0		0.11		0.07		0.26129	1.2003	30.3814370344	67.5761
5 3 7			0.01		0.11		0.06		0.26064	0.2523	60.5057581853	5.4388
0 4 4			0.0		0.11		0.05		0.26113	0.8482	39.0545896029	78.0016
3 3 3			-0.0		0.11		0.05		0.26152	0.8081	39.7679129272	70.9373
1 3 3			-0.01		0.1		0.06		0.25773	0.7045	30.3940112777	66.1614
3 1 9			0.01		0.11		0.05		0.23897	0.36	45.2950695798	8.7768
7 1 5			-8.63		-8.51		8.67		0.20238	1.5264	69.0427278305	98.726
4 2 8			0.39		-8.12		7.89		0.20252	0.7605	51.4203212226	2.5419
1 1 7			0.21		-7.91		7.46		0.20081	0.2012	29.7561292971	6.5386
3 3 7			0.27		-7.64		6.91		0.20088	0.1558	47.1418707618	3.5073
0 6 8			0.16		-7.47		6.58		0.20234	0.7694	64.1950429677	5.6946
7 1 7			0.18		-7.29		6.23		0.19944	0.3505	72.2660298289	5.0526
1 3 15			0.19		-7.11		5.86		0.19942	0.2862	67.3623786269	8.1809
4 0 4			0.17		-6.94		5.52		0.2001	1.2165	39.0343929222	79.1487
3 1 15			0.15		-6.79		5.22		0.2001	0.2871	67.3554895111	7.7692
3 7 3			0.14		-6.65		4.95		0.20007	0.8954	72.6346668965	71.6226
2 4 12			0.09		-6.57		4.77		0.20055	0.2205	63.4791913795	4.8908
5 1 7			0.06		-6.5		4.65		0.19567	0.2609	54.1000446603	4.252
3 5 7			0.11		-6.4		4.43		0.19561	0.2309	60.5203777188	5.6046
4 4 2			0.09		-6.31		4.26		0.19568	1.2125	52.0311030722	128.6454
0 2 8			0.02		-6.29		4.21		0.20756	0.1155	35.7619852008	1.7384
2 4 8			0.08		-6.2		4.05		0.20773	0.1687	51.4325245866	2.4593
1 1 5			-0.01		-6.21		4.05		0.2133	1.9661	22.8949597146	247.5537
1 7 7			0.06		-6.15		3.94		0.21312	0.4353	72.3061031614	6.1143
2 6 10			-1.63		-7.78		5.57		0.20202	0.7069	72.0169435829	44.7171
2 2 2			0.09		-7.69		5.38		0.20192	1.1162	26.2109248846	125.5642
5 5 7			0.09		-7.6		5.2		0.20191	0.6639	72.2860687267	4.3062
0 2 0			0.08		-7.52		5.05		0.20191	1.4407	17.6394681947	177.2483
1 3 9			0.08		-7.45		4.9		0.20162	0.2622	45.3040218183	7.1674
1 3 1			0.07		-7.37		4.75		0.20165	0.5324	28.3265170018	42.1271
3 3 9			0.06		-7.32		4.64		0.20174	0.3816	52.4524123761	12.0632
2 0 0			0.06		-7.26		4.52		0.20174	2.02	17.6289686615	175.6782
5 5 3			0.06		-7.2		4.4		0.2018	0.8107	66.8760743485	64.1048
2 0 8			0.02		-7.18		4.36		0.20581	0.1665	35.7565424018	1.5727
3 1 7			0.06		-7.12		4.25		0.20577	0.257	39.2655360855	5.205
7 3 3			0.05		-7.07		4.14		0.20577	1.9283	72.601334037	69.5466
6 0 4			-2.43		-9.5		6.57		0.17809	0.7069	57.1830782131	42.6751
0 0 4			0.05		-9.45		6.47		0.17494	0.8482	15.2869714585	59.1035
6 0 12			0.07		-9.38		6.32		0.175	0.5892	74.995462768	0.9301
4 4 4			0.07		-9.31		6.19		0.17493	0.8476	53.9354251327	76.9211
2 0 14			0.03		-9.28		6.14		0.17491	0.2634	58.6945218607	7.3942
1 5 7			0.07		-9.22		6.01		0.1748	0.6035	54.1236034243	4.2528
0 4 2			0.06		-9.15		5.88		0.1747	3.2657	36.5744795411	137.7475
0 2 22			0.04		-9.11		5.8		0.17554	1.8317	96.7387030121	97.213
6 2 4			0.05		-9.07		5.71		0.17595	0.8727	60.3342977717	77.9073
0 6 12			0.05		-9.01		5.6		0.17602	0.3425	75.0250979777	1.887
3 3 15			0.04		-8.97		5.52		0.17609	0.3402	73.0835579415	3.8877
6 2 10			-1.15		-10.12		6.67		0.18321	0.7103	71.9901825081	43.9921
2 0 2			0.05		-10.07		6.56		0.18295	0.6502	19.2320929378	35.9547
2 6 2			0.05		-10.02		6.46		0.18281	1.2892	58.5985395934	134.3564
6 2 2			0.05		-9.97		6.36		0.18266	3.3001	58.5687226088	135.1206
4 0 2			0.05		-9.91		6.25		0.18258	1.7854	36.5531212028	138.5255
2 2 0			0.03		-9.88		6.19		0.18258	11.1953	25.0390113278	1035.9387
0 2 14			0.03		-9.86		6.14		0.18262	0.2479	58.6982494177	6.3292
4 2 12			0.04		-9.82		6.06		0.18273	0.2244	63.468523569	4.7972
0 2 2			0.05		-9.77		5.97		0.18248	0.4614	19.2417464495	36.8131
0 2 4			0.04		-9.73		5.88		0.18309	1.326	23.4223631322	110.0283
5 3 1			0.03		-9.7		5.82		0.18304	0.5252	53.2386121167	32.835
0 6 16			0.02		-9.68		5.78		0.18318	0.4825	89.3859051251	7.6515
1 1 1			0.05		-9.64		5.69		0.18315	0.5749	13.0194761966	56.7652
3 5 1			0.02		-9.61		5.65		0.18315	0.5283	53.2544885252	31.9012
2 2 4			0.03		-9.58		5.58		0.18272	0.7551	29.4672289371	73.6026
3 3 1			0.02		-9.55		5.53		0.18272	0.5106	38.1558496662	33.1617
1 5 13			-0.02		-9.57		5.55		0.18093	1.1973	71.2966048402	12.6128
1 5 9			0.03		-9.54		5.49		0.18046	0.4394	58.984264935	17.7365
3 1 13			0.02		-9.53		5.46		0.18092	0.3869	59.4126405656	11.7895
1 3 5			-0.03		-9.56		5.49		0.18061	3.1323	34.189462707	190.138
5 1 3			0.04		-9.52		5.42		0.18059	0.9592	47.5591860667	88.1873
3 5 3			0.02		-9.5		5.38		0.18056	0.9259	54.5093201099	87.7589
1 5 3			0.04		-9.47		5.3		0.18055	0.9511	47.585042181	85.8034
0 2 18			0.01		-9.46		5.28		0.17879	0.3755	76.3208597895	3.7538
1 1 13			0.03		-9.43		5.23		0.18001	0.3722	52.9310122384	10.9703
7 1 3			0.03		-9.4		5.17		0.17997	1.4031	66.8553232335	91.2915
1 3 13			0.01		-9.39		5.15		0.1803	0.3907	59.4200243294	11.5335
3 5 9			0.01		-9.38		5.14		0.18023	0.4755	65.0802252419	19.5165
2 0 6			0.03		-9.35		5.07		0.18012	1.6278	29.1406672869	128.8477
1 7 3			0.03		-9.32		5.02		0.1801	0.9932	66.8968211493	90.2271
5 1 13			-0.03		-9.36		5.05		0.17874	0.4567	71.2764535317	11.3258
3 1 5			-0.05		-9.41		5.1		0.1785	2.8985	34.1781376955	186.2389
5 3 9			0.0		-9.41		5.1		0.17844	0.4833	65.0662013285	20.8409
1 5 1			0.01		-9.4		5.08		0.17833	0.4978	46.196563203	27.3004
1 7 1			0.01		-9.39		5.06		0.17821	0.5219	65.7901743415	26.2984
0 2 16			-0.04		-9.43		5.1		0.17826	1.8687	67.2407114996	13.8307
0 2 6			0.03		-9.4		5.05		0.17816	1.1672	29.1471999487	131.5155
1 1 15			0.01		-9.39		5.03		0.17727	0.656	61.3839959686	20.6242
2 0 16			-0.02		-9.42		5.06		0.17732	0.5935	67.2372591268	11.8907
3 7 1			-0.09		-9.5		5.14		0.17726	1.2822	71.5694631273	22.2453
2 0 12			-0.03		-9.53		5.17		0.17686	0.8079	50.6101057273	16.6151