HKL Value		Reward		TotalReward	Chi Squared	Z Appr. 	Error	Two-Thetas	Sfs2
3 1 1			0.0		0.0		0.0		0.2	0.5239	28.3131072915	41.7464
1 3 7			0.0		0.0		0.28		0.18465	0.1893	39.2755843192	5.3372
2 6 4			0.08		0.08		0.11		0.26067	0.8772	60.3635846112	78.02
6 0 8			0.02		0.1		0.08		0.26282	2.9234	64.163237895	5.3359
5 3 7			0.01		0.11		0.06		0.26225	0.2523	60.5057581853	5.4388
0 4 4			0.0		0.11		0.05		0.26269	0.8482	39.0545896029	78.0016
3 3 3			-0.0		0.11		0.05		0.263	0.8081	39.7679129272	70.9373
1 3 3			-0.01		0.1		0.07		0.26014	0.7045	30.3940112777	66.1614
3 1 9			0.01		0.11		0.05		0.23849	0.36	45.2950695798	8.7768
4 2 8			0.0		0.11		0.05		0.23782	0.7605	51.4203212226	2.5419
3 1 15			0.0		0.11		0.04		0.23798	0.2871	67.3554895111	7.7692
0 6 8			0.0		0.11		0.04		0.23878	0.7694	64.1950429677	5.6946
1 7 7			-0.0		0.11		0.04		0.24176	0.4353	72.3061031614	6.1143
6 0 6			-2.72		-2.61		2.76		0.16827	1.0815	60.1501886982	39.9969
1 3 15			0.1		-2.51		2.57		0.16825	0.2862	67.3623786269	8.1809
3 3 7			0.07		-2.44		2.43		0.1684	0.1558	47.1418707618	3.5073
7 1 7			0.07		-2.37		2.28		0.16914	0.3505	72.2660298289	5.0526
4 0 4			0.03		-2.34		2.22		0.17053	1.2165	39.0343929222	79.1487
1 1 7			0.06		-2.28		2.11		0.17255	0.2012	29.7561292971	6.5386
1 7 1			-0.08		-2.37		2.19		0.17198	0.5219	65.7901743415	26.2984
5 1 7			0.05		-2.31		2.08		0.17197	0.2609	54.1000446603	4.252
3 7 3			0.05		-2.26		1.98		0.17197	0.8954	72.6346668965	71.6226
3 5 7			0.04		-2.22		1.89		0.172	0.2309	60.5203777188	5.6046
4 4 2			0.03		-2.18		1.83		0.17204	1.2125	52.0311030722	128.6454
0 6 0			-1.83		-4.02		3.66		0.17204	1.4277	54.7714555341	59.4019
2 4 8			0.07		-3.94		3.51		0.17196	0.1687	51.4325245866	2.4593
3 3 13			-0.2		-4.15		3.71		0.1725	0.5636	65.4922780779	9.1158
0 6 12			0.06		-4.09		3.6		0.17257	0.3425	75.0250979777	1.887
3 1 3			0.06		-4.03		3.48		0.1726	1.2003	30.3814370344	67.5761
2 4 12			0.03		-4.0		3.43		0.17267	0.2205	63.4791913795	4.8908
5 5 7			0.05		-3.95		3.32		0.17303	0.6639	72.2860687267	4.3062
0 2 8			0.01		-3.94		3.3		0.16922	0.1155	35.7619852008	1.7384
1 3 9			0.05		-3.89		3.19		0.16922	0.2622	45.3040218183	7.1674
0 2 0			0.04		-3.84		3.11		0.16922	1.4407	17.6394681947	177.2483
2 2 0			0.01		-3.84		3.1		0.16922	11.1953	25.0390113278	1035.9387
2 2 2			0.04		-3.8		3.01		0.1693	1.1162	26.2109248846	125.5642
1 3 1			0.04		-3.76		2.94		0.16934	0.5324	28.3265170018	42.1271
3 1 7			0.04		-3.72		2.86		0.16944	0.257	39.2655360855	5.205
7 3 3			0.04		-3.68		2.79		0.16944	1.9283	72.601334037	69.5466
6 0 12			0.03		-3.65		2.72		0.16944	0.5892	74.995462768	0.9301
5 5 3			0.03		-3.62		2.65		0.16944	0.8107	66.8760743485	64.1048
3 3 9			0.02		-3.59		2.61		0.16948	0.3816	52.4524123761	12.0632
1 5 9			0.02		-3.57		2.57		0.16929	0.4394	58.984264935	17.7365
2 0 0			0.02		-3.55		2.53		0.16927	2.02	17.6289686615	175.6782
2 0 8			0.01		-3.55		2.52		0.16637	0.1665	35.7565424018	1.5727
1 5 7			0.03		-3.52		2.46		0.16653	0.6035	54.1236034243	4.2528
6 2 2			0.02		-3.5		2.42		0.1663	3.3001	58.5687226088	135.1206
0 4 2			0.02		-3.48		2.38		0.1662	3.2657	36.5744795411	137.7475
4 4 4			0.02		-3.46		2.34		0.16613	0.8476	53.9354251327	76.9211
4 0 2			0.02		-3.44		2.3		0.16605	1.7854	36.5531212028	138.5255
6 2 4			0.0		-3.43		2.29		0.16681	0.8727	60.3342977717	77.9073
3 3 15			0.01		-3.42		2.27		0.16681	0.3402	73.0835579415	3.8877
1 1 11			-0.17		-3.59		2.44		0.15673	2.144	44.8525636461	378.5934
4 2 12			0.01		-3.59		2.43		0.15665	0.2244	63.468523569	4.7972
2 6 2			0.02		-3.57		2.4		0.15649	1.2892	58.5985395934	134.3564
1 5 3			0.02		-3.55		2.35		0.15649	0.9511	47.585042181	85.8034
3 3 1			-0.0		-3.55		2.36		0.15649	0.5106	38.1558496662	33.1617
0 4 10			-1.47		-5.02		3.82		0.16177	0.9893	53.7871001638	44.1425
5 3 1			0.02		-5.0		3.79		0.16177	0.5252	53.2386121167	32.835
5 1 9			0.02		-4.98		3.75		0.16207	0.4583	58.9619928854	19.0838
2 0 14			0.0		-4.98		3.75		0.16117	0.2634	58.6945218607	7.3942
0 2 2			0.03		-4.95		3.69		0.16103	0.4614	19.2417464495	36.8131
0 2 22			-0.01		-4.96		3.69		0.16181	1.8317	96.7387030121	97.213
0 2 14			0.01		-4.95		3.68		0.16051	0.2479	58.6982494177	6.3292
3 5 1			0.01		-4.94		3.66		0.16045	0.5283	53.2544885252	31.9012
2 0 2			0.03		-4.91		3.6		0.16015	0.6502	19.2320929378	35.9547
3 5 3			0.01		-4.91		3.59		0.16015	0.9259	54.5093201099	87.7589
5 3 3			0.0		-4.9		3.58		0.16015	0.9351	54.4936931553	89.9375
0 2 4			-0.02		-4.92		3.6		0.16372	1.326	23.4223631322	110.0283
1 1 1			0.03		-4.9		3.55		0.16389	0.5749	13.0194761966	56.7652
2 2 4			0.02		-4.87		3.5		0.16355	0.7551	29.4672289371	73.6026
5 1 3			0.02		-4.85		3.45		0.16356	0.9592	47.5591860667	88.1873
3 1 13			-0.03		-4.88		3.48		0.16516	0.3869	59.4126405656	11.7895
0 6 16			-0.01		-4.89		3.49		0.1651	0.4825	89.3859051251	7.6515
1 5 13			0.01		-4.87		3.46		0.16335	1.1973	71.2966048402	12.6128
1 7 3			0.02		-4.85		3.42		0.16335	0.9932	66.8968211493	90.2271
1 3 5			-0.04		-4.89		3.46		0.16224	3.1323	34.189462707	190.138
7 1 3			0.02		-4.87		3.42		0.16224	1.4031	66.8553232335	91.2915
5 3 9			-0.02		-4.89		3.44		0.16233	0.4833	65.0662013285	20.8409
0 2 18			0.01		-4.87		3.41		0.16328	0.3755	76.3208597895	3.7538
1 3 13			-0.03		-4.9		3.44		0.16436	0.3907	59.4200243294	11.5335
1 1 13			-0.08		-4.98		3.52		0.17312	0.3722	52.9310122384	10.9703
0 0 6			-0.21		-5.19		3.72		0.20364	7.4326	23.0169618987	709.6598