HKL Value		Reward		TotalReward	Chi Squared	Z Appr. 	Error	Two-Thetas	Sfs2
3 1 1			0.0		0.0		0.0		0.2	0.5239	28.3131072915	41.7464
1 3 7			0.0		0.0		0.28		0.18465	0.1893	39.2755843192	5.3372
2 6 4			0.08		0.08		0.11		0.26067	0.8772	60.3635846112	78.02
6 0 8			0.02		0.1		0.08		0.26282	2.9234	64.163237895	5.3359
5 3 7			0.01		0.11		0.06		0.26225	0.2523	60.5057581853	5.4388
0 4 4			0.0		0.11		0.05		0.26269	0.8482	39.0545896029	78.0016
3 3 3			-0.0		0.11		0.05		0.263	0.8081	39.7679129272	70.9373
1 3 3			-0.01		0.1		0.07		0.26014	0.7045	30.3940112777	66.1614
0 2 18			-0.23		-0.13		0.29		0.27473	0.3755	76.3208597895	3.7538
3 1 9			-0.0		-0.13		0.3		0.2746	0.36	45.2950695798	8.7768
4 2 8			0.01		-0.12		0.27		0.2746	0.7605	51.4203212226	2.5419
3 1 15			0.01		-0.11		0.25		0.27492	0.2871	67.3554895111	7.7692
0 6 8			-0.01		-0.12		0.27		0.27297	0.7694	64.1950429677	5.6946
1 7 7			-0.05		-0.17		0.32		0.27212	0.4353	72.3061031614	6.1143
1 3 15			0.0		-0.17		0.31		0.27234	0.2862	67.3623786269	8.1809
6 4 4			-8.54		-8.71		8.85		0.26804	0.6669	69.2748711385	33.991
3 3 7			0.26		-8.45		8.33		0.26797	0.1558	47.1418707618	3.5073
7 1 7			0.23		-8.21		7.86		0.26741	0.3505	72.2660298289	5.0526
4 0 4			0.22		-8.0		7.42		0.26749	1.2165	39.0343929222	79.1487
1 1 7			0.14		-7.85		7.13		0.2622	0.2012	29.7561292971	6.5386
5 1 7			0.18		-7.67		6.78		0.26191	0.2609	54.1000446603	4.252
3 7 3			0.16		-7.52		6.47		0.26187	0.8954	72.6346668965	71.6226
3 3 13			-0.08		-7.6		6.55		0.26218	0.5636	65.4922780779	9.1158
3 5 7			0.14		-7.46		6.27		0.26215	0.2309	60.5203777188	5.6046
4 4 2			0.12		-7.34		6.02		0.26214	1.2125	52.0311030722	128.6454
2 4 8			0.12		-7.22		5.78		0.26214	0.1687	51.4325245866	2.4593
0 6 12			0.1		-7.11		5.58		0.2625	0.3425	75.0250979777	1.887
3 1 3			0.1		-7.01		5.37		0.26244	1.2003	30.3814370344	67.5761
2 4 12			0.06		-6.95		5.24		0.26261	0.2205	63.4791913795	4.8908
5 5 7			0.08		-6.87		5.08		0.26218	0.6639	72.2860687267	4.3062
0 2 8			0.08		-6.79		4.92		0.26248	0.1155	35.7619852008	1.7384
1 3 9			0.08		-6.71		4.76		0.26246	0.2622	45.3040218183	7.1674
0 2 0			0.07		-6.64		4.63		0.26246	1.4407	17.6394681947	177.2483
2 2 0			0.03		-6.61		4.57		0.26246	11.1953	25.0390113278	1035.9387
2 2 2			0.06		-6.55		4.45		0.2625	1.1162	26.2109248846	125.5642
1 3 1			0.06		-6.49		4.32		0.2625	0.5324	28.3265170018	42.1271
3 1 7			0.06		-6.43		4.2		0.26238	0.257	39.2655360855	5.205
7 3 3			0.06		-6.37		4.09		0.26234	1.9283	72.601334037	69.5466
6 0 12			0.05		-6.32		3.99		0.26256	0.5892	74.995462768	0.9301
5 5 3			0.05		-6.27		3.9		0.26227	0.8107	66.8760743485	64.1048
3 3 9			0.04		-6.24		3.82		0.26218	0.3816	52.4524123761	12.0632
1 5 9			0.03		-6.21		3.77		0.26359	0.4394	58.984264935	17.7365
2 0 0			0.04		-6.17		3.69		0.26359	2.02	17.6289686615	175.6782
2 0 8			0.04		-6.13		3.61		0.26387	0.1665	35.7565424018	1.5727
1 5 7			0.04		-6.09		3.53		0.2636	0.6035	54.1236034243	4.2528
6 2 2			0.01		-6.08		3.51		0.26371	3.3001	58.5687226088	135.1206
0 4 2			0.03		-6.05		3.45		0.26376	3.2657	36.5744795411	137.7475
4 4 4			0.02		-6.03		3.4		0.26382	0.8476	53.9354251327	76.9211
6 2 4			0.03		-5.99		3.34		0.26391	0.8727	60.3342977717	77.9073
4 0 2			0.03		-5.97		3.29		0.26396	1.7854	36.5531212028	138.5255
3 3 15			0.02		-5.95		3.24		0.26398	0.3402	73.0835579415	3.8877
4 2 12			0.01		-5.93		3.21		0.2642	0.2244	63.468523569	4.7972
2 6 2			0.01		-5.93		3.2		0.26432	1.2892	58.5985395934	134.3564
1 5 3			-0.02		-5.95		3.22		0.2628	0.9511	47.585042181	85.8034
5 1 9			0.01		-5.94		3.2		0.26416	0.4583	58.9619928854	19.0838
5 3 1			0.0		-5.93		3.19		0.26407	0.5252	53.2386121167	32.835
2 0 14			-0.01		-5.94		3.2		0.26506	0.2634	58.6945218607	7.3942
7 1 5			-1.78		-7.72		4.97		0.21706	1.5264	69.0427278305	98.726
0 2 2			0.02		-7.69		4.93		0.21639	0.4614	19.2417464495	36.8131
5 3 9			-0.02		-7.71		4.94		0.21624	0.4833	65.0662013285	20.8409
0 2 22			0.02		-7.69		4.9		0.21857	1.8317	96.7387030121	97.213
0 2 14			0.03		-7.66		4.84		0.21809	0.2479	58.6982494177	6.3292
3 3 1			0.02		-7.64		4.8		0.21809	0.5106	38.1558496662	33.1617
3 5 1			0.02		-7.62		4.77		0.21798	0.5283	53.2544885252	31.9012
2 0 2			0.01		-7.61		4.74		0.21743	0.6502	19.2320929378	35.9547
3 5 3			0.01		-7.6		4.72		0.2173	0.9259	54.5093201099	87.7589
2 0 12			-0.09		-7.69		4.81		0.21753	0.8079	50.6101057273	16.6151
1 1 3			0.01		-7.67		4.78		0.21506	0.4514	16.9416048235	36.8187
5 3 3			0.01		-7.67		4.77		0.21485	0.9351	54.4936931553	89.9375
0 2 4			0.03		-7.64		4.72		0.21365	1.326	23.4223631322	110.0283
1 1 1			0.03		-7.61		4.66		0.21326	0.5749	13.0194761966	56.7652
2 2 4			-0.0		-7.62		4.66		0.21155	0.7551	29.4672289371	73.6026
5 1 3			0.03		-7.59		4.61		0.21105	0.9592	47.5591860667	88.1873
3 1 13			0.0		-7.58		4.6		0.20928	0.3869	59.4126405656	11.7895
0 6 16			0.0		-7.58		4.59		0.2094	0.4825	89.3859051251	7.6515
1 5 13			0.01		-7.57		4.58		0.21296	1.1973	71.2966048402	12.6128
1 7 3			0.02		-7.55		4.54		0.21249	0.9932	66.8968211493	90.2271
1 3 5			-0.05		-7.6		4.58		0.21298	3.1323	34.189462707	190.138
7 1 3			0.02		-7.58		4.55		0.21247	1.4031	66.8553232335	91.2915
1 1 13			0.01		-7.58		4.53		0.20681	0.3722	52.9310122384	10.9703
1 3 13			0.0		-7.57		4.53		0.20585	0.3907	59.4200243294	11.5335
3 5 9			-0.0		-7.58		4.53		0.2056	0.4755	65.0802252419	19.5165
1 1 15			-0.06		-7.63		4.59		0.20744	0.656	61.3839959686	20.6242
3 1 5			-0.07		-7.7		4.66		0.2077	2.8985	34.1781376955	186.2389