HKL Value		Reward		TotalReward	Chi Squared	Z Appr. 	Error	Two-Thetas	Sfs2
1 3 7			0.0		0.0		0.0		0.2	0.1893	39.2755843192	5.3372
7 1 3			0.0		0.0		0.54		0.17247	1.4031	66.8553232335	91.2915
3 1 7			0.13		0.13		0.28		0.17521	0.257	39.2655360855	5.205
3 1 1			-0.01		0.12		0.29		0.17695	0.5239	28.3131072915	41.7464
2 6 4			-0.1		0.02		0.38		0.19427	0.8772	60.3635846112	78.02
6 0 8			-0.25		-0.22		0.63		0.22432	2.9234	64.163237895	5.3359
5 3 7			0.05		-0.17		0.53		0.22454	0.2523	60.5057581853	5.4388
0 4 4			0.04		-0.13		0.45		0.22465	0.8482	39.0545896029	78.0016
3 3 3			0.02		-0.11		0.41		0.22485	0.8081	39.7679129272	70.9373
1 3 3			0.02		-0.09		0.37		0.22507	0.7045	30.3940112777	66.1614
3 1 9			0.02		-0.08		0.34		0.22538	0.36	45.2950695798	8.7768
4 2 8			0.02		-0.06		0.3		0.22539	0.7605	51.4203212226	2.5419
3 1 15			0.01		-0.05		0.28		0.22544	0.2871	67.3554895111	7.7692
0 6 8			0.0		-0.05		0.28		0.23075	0.7694	64.1950429677	5.6946
1 7 7			-0.0		-0.05		0.28		0.23398	0.4353	72.3061031614	6.1143
1 1 7			-0.08		-0.13		0.36		0.24527	0.2012	29.7561292971	6.5386
7 1 7			0.01		-0.12		0.34		0.24682	0.3505	72.2660298289	5.0526
3 3 7			-0.0		-0.12		0.34		0.2466	0.1558	47.1418707618	3.5073
1 3 15			0.01		-0.11		0.33		0.24623	0.2862	67.3623786269	8.1809
4 0 4			0.01		-0.11		0.31		0.24618	1.2165	39.0343929222	79.1487
7 1 5			-4.45		-4.56		4.76		0.19668	1.5264	69.0427278305	98.726
5 1 7			0.07		-4.48		4.61		0.19285	0.2609	54.1000446603	4.252
3 7 3			0.1		-4.38		4.4		0.19285	0.8954	72.6346668965	71.6226
3 5 7			0.1		-4.28		4.21		0.19285	0.2309	60.5203777188	5.6046
2 4 8			0.09		-4.2		4.04		0.19293	0.1687	51.4325245866	2.4593
4 4 2			0.07		-4.12		3.89		0.19293	1.2125	52.0311030722	128.6454
2 4 12			0.04		-4.08		3.8		0.19342	0.2205	63.4791913795	4.8908
3 1 3			0.07		-4.01		3.67		0.19356	1.2003	30.3814370344	67.5761
2 2 0			0.02		-3.99		3.64		0.19356	11.1953	25.0390113278	1035.9387
0 0 2			0.06		-3.94		3.52		0.19257	1.161	7.62646333295	98.931
0 6 12			0.06		-3.88		3.41		0.1931	0.3425	75.0250979777	1.887
4 0 12			-12.19		-16.07		15.6		0.17306	2.7435	60.4154589103	161.2613
0 2 8			0.2		-15.87		15.21		0.17194	0.1155	35.7619852008	1.7384
5 5 7			0.23		-15.65		14.75		0.17203	0.6639	72.2860687267	4.3062
0 2 0			0.21		-15.44		14.34		0.17203	1.4407	17.6394681947	177.2483
1 3 9			0.2		-15.23		13.93		0.17203	0.2622	45.3040218183	7.1674
2 2 2			0.19		-15.04		13.54		0.17203	1.1162	26.2109248846	125.5642
1 3 1			0.18		-14.86		13.18		0.17205	0.5324	28.3265170018	42.1271
3 3 9			0.16		-14.7		12.86		0.17205	0.3816	52.4524123761	12.0632
1 7 5			-2.08		-16.78		14.94		0.17561	1.0841	69.0835930101	99.7513
7 3 3			0.19		-16.6		14.57		0.1756	1.9283	72.601334037	69.5466
5 5 3			0.18		-16.42		14.21		0.1756	0.8107	66.8760743485	64.1048
6 0 12			0.17		-16.25		13.88		0.17562	0.5892	74.995462768	0.9301
2 0 0			0.15		-16.1		13.57		0.17562	2.02	17.6289686615	175.6782
2 0 8			0.11		-15.99		13.36		0.17447	0.1665	35.7565424018	1.5727
0 6 16			0.1		-15.89		13.16		0.17455	0.4825	89.3859051251	7.6515
5 1 9			0.13		-15.76		12.9		0.17435	0.4583	58.9619928854	19.0838
1 5 7			0.14		-15.63		12.63		0.17431	0.6035	54.1236034243	4.2528
0 4 2			0.13		-15.5		12.37		0.17428	3.2657	36.5744795411	137.7475
4 4 4			0.12		-15.38		12.14		0.17427	0.8476	53.9354251327	76.9211
6 2 4			0.11		-15.27		11.92		0.17449	0.8727	60.3342977717	77.9073
1 5 9			0.11		-15.17		11.71		0.17434	0.4394	58.984264935	17.7365
3 3 15			0.1		-15.07		11.51		0.17434	0.3402	73.0835579415	3.8877
1 5 3			0.11		-14.96		11.29		0.17434	0.9511	47.585042181	85.8034
4 0 2			0.1		-14.86		11.09		0.17431	1.7854	36.5531212028	138.5255
5 3 3			0.07		-14.79		10.95		0.1743	0.9351	54.4936931553	89.9375
2 6 2			0.09		-14.7		10.77		0.17423	1.2892	58.5985395934	134.3564
4 2 12			0.08		-14.62		10.61		0.17426	0.2244	63.468523569	4.7972
6 2 2			0.08		-14.53		10.44		0.17415	3.3001	58.5687226088	135.1206
3 5 3			0.07		-14.47		10.31		0.17415	0.9259	54.5093201099	87.7589
0 2 14			0.06		-14.41		10.19		0.17415	0.2479	58.6982494177	6.3292
0 2 2			0.08		-14.33		10.03		0.17402	0.4614	19.2417464495	36.8131
2 0 14			0.05		-14.28		9.93		0.17401	0.2634	58.6945218607	7.3942
0 2 22			0.06		-14.22		9.81		0.17447	1.8317	96.7387030121	97.213
2 0 2			0.07		-14.14		9.66		0.17431	0.6502	19.2320929378	35.9547
3 5 1			0.05		-14.09		9.55		0.17431	0.5283	53.2544885252	31.9012
0 2 4			0.06		-14.03		9.44		0.1749	1.326	23.4223631322	110.0283
5 3 1			0.05		-13.98		9.33		0.1749	0.5252	53.2386121167	32.835
1 1 1			0.07		-13.91		9.19		0.1749	0.5749	13.0194761966	56.7652
3 3 1			0.05		-13.86		9.1		0.1749	0.5106	38.1558496662	33.1617
1 5 13			0.04		-13.82		9.02		0.17388	1.1973	71.2966048402	12.6128
0 2 20			-1.92		-15.74		10.94		0.16227	0.4494	86.0769303832	2.8517
3 1 13			0.04		-15.71		10.87		0.16252	0.3869	59.4126405656	11.7895
5 1 3			0.07		-15.63		10.72		0.16252	0.9592	47.5591860667	88.1873
2 2 4			0.07		-15.56		10.58		0.16246	0.7551	29.4672289371	73.6026
1 3 13			0.03		-15.53		10.52		0.16277	0.3907	59.4200243294	11.5335
5 1 1			0.05		-15.48		10.42		0.16268	0.5346	46.1701152	26.7419
5 3 9			0.04		-15.44		10.34		0.1627	0.4833	65.0662013285	20.8409
0 2 18			0.06		-15.39		10.23		0.16292	0.3755	76.3208597895	3.7538
1 7 3			0.06		-15.32		10.1		0.16292	0.9932	66.8968211493	90.2271
1 3 5			0.02		-15.3		10.05		0.16271	3.1323	34.189462707	190.138
3 5 9			0.04		-15.26		9.98		0.16271	0.4755	65.0802252419	19.5165
0 2 10			-0.04		-15.3		10.02		0.19217	0.4317	42.9590557724	21.0204
1 1 13			0.06		-15.24		9.89		0.19217	0.3722	52.9310122384	10.9703
5 1 13			-0.02		-15.26		9.91		0.19216	0.4567	71.2764535317	11.3258
2 0 16			0.02		-15.24		9.88		0.19206	0.5935	67.2372591268	11.8907
1 1 15			0.01		-15.23		9.87		0.19053	0.656	61.3839959686	20.6242
3 1 5			-0.0		-15.24		9.87		0.19031	2.8985	34.1781376955	186.2389
2 0 6			0.05		-15.19		9.77		0.18953	1.6278	29.1406672869	128.8477
2 6 8			-0.85		-16.03		10.62		0.19064	4.3291	67.1483383839	218.3417
1 5 1			0.04		-15.99		10.54		0.19033	0.4978	46.196563203	27.3004
1 7 1			0.03		-15.96		10.47		0.18993	0.5219	65.7901743415	26.2984
0 2 16			0.01		-15.95		10.45		0.18975	1.8687	67.2407114996	13.8307
7 1 1			0.03		-15.92		10.39		0.18941	0.5207	65.7483230412	25.2044
1 1 5			0.03		-15.89		10.33		0.18791	1.9661	22.8949597146	247.5537
4 2 0			-0.18		-16.07		10.5		0.18791	0.9287	40.0811891304	86.5118
0 6 18			0.02		-16.05		10.46		0.19005	0.7949	98.0280769063	1.8601
3 3 13			0.01		-16.03		10.44		0.19005	0.5636	65.4922780779	9.1158
0 2 6			0.05		-15.99		10.35		0.18926	1.1672	29.1471999487	131.5155
4 2 14			-0.02		-16.01		10.37		0.18913	1.2576	70.6282605877	19.9713
1 1 11			-0.14		-16.15		10.51		0.1972	2.144	44.8525636461	378.5934
3 3 5			-0.2		-16.35		10.71		0.19719	1.3995	42.8396693434	151.0913