Number of epochs: 241001
-2.135136059833806499e+00
-1.918328136415948570e+00
1.788798107523747183e-01
1.561203396065654059e-01
-4.166973887812590593e-01
-1.741180929460833937e+01
-1.552722664574248013e+00
-7.382670357344700562e-01
-6.241775581064493927e+00
-3.697081307096979241e+00
-1.837056326368260439e+00
-1.229274460497698662e+01
-5.713097127776265438e+00
9.189413254774195239e-02
2.324381036920648214e+01
6.594173117148334484e-02
4.645999436036952340e-02
-6.966337861980543833e-01
1.970683445016680746e-01
1.046200043583184608e-01
1.033327797664180814e-01
-3.121256588492022366e-01
6.011574578738845820e-02
1.175385408891862077e-01
-9.391353750744758921e-02
5.376858595967258514e-02
-7.525340476674224899e-02
3.152997881058002688e-02
1.266487871707885349e-01
1.253488288701778419e-01
-4.091543437801077321e-01
1.068474439999501091e-01
1.738179827368034336e-01
-4.378479340939431808e-01
1.269226198863226129e-01
1.338259551619781496e-01
8.450125350148208342e-03
2.402363733954962222e-01
-1.935633225604017404e+00
-3.935552334961091581e-01
1.275171400084176843e-01
-2.137821824015357919e+00
-6.805727116940203311e-03
2.221484149463888724e-01
8.787978489377419600e-02
8.110527098367575904e-02
5.552904450942010017e-01
6.136906786624904964e-01
8.448579971527608867e-02
1.688942474895157309e-01
1.091037857505970515e-01
9.286710039905723968e-02
1.542491880125274328e-01
7.722807473244829024e-02
2.582528902564095175e-01
-3.688100519831762902e-01
9.374339845090932932e-02
2.817066099053155415e-01
-3.023974699122910170e+00
8.970429352892433927e-02
8.304761027280788133e-02
-1.567643968195409965e+00
1.434757982215003336e-01
7.086261814761687372e-01
-1.219869816584842726e+00
1.247077661619360317e-01
-4.792956790571841985e+00
-2.455767331783565766e+00
2.078770003921484921e+00
-7.051134711368544750e+00
5.902530565862584844e-02
7.106539853440857479e-02
-1.562588724005531837e+00
-3.508085056580879879e+00
7.194250534840002098e-02
-6.262209264380315110e-01
-1.613444658943153254e+00
-6.391267179525320863e+00
-1.640844797146046030e+00
-1.618947296576630945e+00
-5.080282225044141953e+00
-3.648298358023973620e+00
-5.370024080275287659e+00
-8.112063168380581613e-02
2.803432516389464668e-01
-4.538351559381164080e+00
-1.653424328989486103e+00
4.882670900273068659e-02
-5.019509515702602620e-01
-3.912155768520420573e-01
-1.332214192003744557e+01
-4.858789829569799323e+00
-6.186279817320262941e-02
-1.176270287904267242e+01
-2.279501627095005922e+00
-1.385688562897232856e+00
-1.416462500548232128e+01
-1.393649990241514258e+00
2.647522164130673428e-01
1.755988129904230977e-01
2.611765868216743836e-01
2.880074763906181334e-01
2.596727106588748057e+01
3.042317104565059327e-01
9.023717625054830105e-01
1.356857373699936753e-01
2.608629988164873348e-01
2.077097333811018520e-01
3.262117298615440641e-01
-2.508723692299525521e+00
1.693738090206413638e-01
-8.071586281233360527e-01
1.233136636653527907e+00
1.816301431668864430e-01
-1.827672099351581592e+00
4.324103566400633314e-01
-1.577328132192545862e+00
-1.153264139707033564e+00
2.358657542422691045e-01
-2.261268214037750912e+00
3.237468696580642624e-01
-2.649893064688372490e+00
3.048948967309851685e-03
4.770336771127279274e-01
1.199384953885942878e-01
1.947305816433683723e-01
1.504027313592007642e-01
7.277405758475866127e-02
1.264765391349406964e-01
7.656553969363899537e-02
-1.134697882718472606e+00
-2.404244401740664450e-01
-1.769860121622452986e+00
-2.203720489881481726e+00
-9.471685851720565430e-02
-2.223930404208715128e+00
-2.352357903063523548e+00
-3.200406501072680321e+00
-2.641935302239283967e+00
-1.731300903018890835e+00
-1.717428178353275214e+00
-1.541998634986901262e+00
-2.202713135163594682e+00
1.795422221328358756e-02
-2.443041056487343710e+00
-6.815489860342189843e+00
-1.464977747302882660e+00
-6.814181188848598580e+00
-1.197676032996502471e+01
-8.457446879229049586e+00
-1.195688599450955536e+01
-1.855975510936209050e+00
-5.541410783155759079e-02
-1.536062612248468007e+01
1.617131625718493393e-01
-3.161221016110989795e-02
-7.874121485134498499e+00
1.156688554331647412e-01
-1.604065640349453403e+01
1.997340641107580306e-01
-2.268085682826236393e+01
2.315094201524797168e-01
6.721598626128505449e-02
7.965846363626449822e-02
3.408435516162937606e-01
1.419740944551200756e-01
9.279432804219729658e-02
9.894570507013206173e-02
-1.953070612844198095e+01
1.001888460431901579e-01
-9.647925029630377125e+00
1.018090796742696647e-01
-1.178635992279882849e+01
-2.456097953551381486e-03
-1.224411949244130327e+01
-1.825743562939236841e-01
-3.337210912667314400e-01
6.382370462301228953e-02
3.856389462119367284e-01
3.212913131908575193e-01
1.439495997919765791e-01
-1.755536677577164184e+01
6.142124062799361045e-02
4.815291439769263382e-02
-1.974730678365977710e+01
-3.720344834192260919e+01
9.349755390964144264e-02
-1.827693713402863018e+00
-1.739817057533872457e+01
8.768884423880426993e-02
-6.035335541279116711e+01
3.106454960831219608e-02
-1.589183739058632057e+02
-5.356684284005052810e+00
-5.128074735329640532e+01
-7.021092804391564357e+01
1.062319021439870337e-01
