Number of epochs: 332001
-2.080661332946166731e+00
-2.200282559334972632e+00
1.694849148840848474e-01
1.509052098370236017e-01
-5.354425864435625737e-01
-1.610641503477203429e+01
-1.654140699084276411e+00
-6.972060425007361451e-01
-9.156533993174789998e+00
-4.780120181543011881e+00
-1.851160517800603200e+00
-1.239549204592879406e+01
-5.178538645901224591e+00
8.887677382434308604e-02
2.137787067126511076e+01
5.506771841384065086e-02
4.006676774689792858e-02
-7.534170317269864858e-01
1.895099766003008612e-01
9.848150817989236028e-02
1.013327790672221840e-01
-3.099130245807115158e-01
6.108465069092038763e-02
1.068048384230800285e-01
-1.080077131854753902e-01
5.189565370598789307e-02
-8.664513119194183766e-02
2.687801825336876352e-02
1.157087502620408465e-01
1.220549378106193239e-01
-4.086132447177565630e-01
1.035148309593191956e-01
1.634082262173342237e-01
-3.480819577776806395e-01
1.211105782052930846e-01
1.290903338889020369e-01
1.015390647138964073e-03
2.615819235123916786e-01
-2.203561149973737088e+00
-3.825306219703659694e-01
1.198243072296652778e-01
-2.292902225714972708e+00
-6.436232526521359909e-02
2.137245533903331662e-01
8.639370887542545396e-02
7.721000938564751004e-02
5.256344168858123611e-01
5.973486025392419352e-01
8.330084951930280535e-02
1.621531809960819748e-01
1.020543790679880325e-01
8.665107856103003436e-02
1.476267472758777399e-01
7.599017543907697625e-02
2.470244321485111083e-01
-1.595420334207847679e-01
8.471591742129772062e-02
2.712832570659718945e-01
-2.750269459235076930e+00
8.443821795887988813e-02
7.906533126525977506e-02
-1.492275609047825746e+00
1.362543413288873628e-01
6.739611388507780187e-01
-1.223032315438129736e+00
1.197289769833369405e-01
-5.734273366626901236e+00
-2.299432685503408624e+00
1.901121489570739564e+00
-6.471017904221172401e+00
6.874543463467915061e-02
6.209159293415848768e-02
-1.518222506304194308e+00
-3.423237639868920823e+00
6.920639513796288111e-02
-8.664256567786272623e-01
-1.718194438629245369e+00
-6.871613685063248766e+00
-1.583779141287615877e+00
-1.590389494995779307e+00
-4.559356863906690371e+00
-3.314005307554793500e+00
-6.304577675842858220e+00
-7.323255833330229170e-02
1.415827488514642407e-01
-4.975233384049887242e+00
-1.675551823732704060e+00
4.827978419155906642e-02
-5.999325169280519399e-01
-4.128057699809211112e-01
-1.429687552266465289e+01
-4.590229849574915200e+00
4.572314635410981015e-02
-1.205566271376139831e+01
-2.504979806889818139e+00
-1.548668678041718705e+00
-1.459621227648667308e+01
-1.592586443871679691e+00
2.419289163921815311e-01
1.797171837857452770e-01
2.426817192115829913e-01
2.687905550155132994e-01
2.692757070151339249e+01
2.876070927216702322e-01
8.713697750631044237e-01
1.284477239349769984e-01
2.593702120319682503e-01
2.001605426477875982e-01
3.100598987418816121e-01
-2.147433082188429321e+00
1.561038234306878769e-01
-7.534168424066668424e-01
1.125719018929756121e+00
1.765727759785542805e-01
-1.784270419552465237e+00
4.151653481074158436e-01
-1.566787786901705948e+00
-1.151368328184656065e+00
2.284959706054347228e-01
-1.723732323183652770e+00
3.041443992250764117e-01
-2.536468588156909565e+00
-3.415905996425537463e-03
4.534244895106414042e-01
1.068892427529156280e-01
1.870261722436384333e-01
1.426670213058287284e-01
6.928082100621400785e-02
1.140783875354052374e-01
7.113387503876943130e-02
-1.083307069918686416e+00
-2.531235562013735563e-01
-1.688348174663144130e+00
-2.380234146079102775e+00
-1.668340865546475982e-01
-2.253739702231868147e+00
-2.460758080570027317e+00
-2.946225545875195806e+00
-2.493484611229560777e+00
-1.803339435385068690e+00
-1.785616074661237285e+00
-1.682487850988050315e+00
-1.944984819679489441e+00
9.999757650540695708e-03
-2.413238892334006014e+00
-8.123638635948307041e+00
-1.784852938603009864e+00
-6.454665029492433703e+00
-1.146884778209361322e+01
-8.626721236580728203e+00
-1.117148494851267948e+01
-1.844673542422713197e+00
-6.647142558605666218e-02
-1.443806893964640103e+01
1.542437632614451493e-01
-6.116425593780434183e-02
-7.277936825361827289e+00
1.107290557147441318e-01
-1.552111043803410695e+01
1.817472434828577565e-01
-2.414503003853439722e+01
2.194256855014134755e-01
5.890929918312333424e-02
9.407670599475033424e-02
2.448423242445487980e-01
1.154487835304495447e-01
9.342531689997772559e-02
9.258882172915394726e-02
-1.930418748219270952e+01
9.816029074388236964e-02
-9.592999125472701394e+00
9.785316649284039880e-02
-1.232097721110358002e+01
-9.022123534504511780e-03
-1.207715122453098822e+01
-2.244112868294511620e-01
-3.754021776849283398e-01
6.378614811701127651e-02
3.740299231387550494e-01
3.208331796001283598e-01
1.364536105313781666e-01
-1.793772214280922839e+01
5.604898617334272415e-02
4.324151620396560897e-02
-2.088555672296849508e+01
-3.512757405890924645e+01
8.628182873481253512e-02
-2.172865841208637683e+00
-1.701689053863294632e+01
8.328733662915945024e-02
-5.691369639044693685e+01
2.259598743653631892e-02
-1.728968413377830586e+02
-5.525864463358811207e+00
-4.888104618851606631e+01
-6.771911666975319122e+01
9.897391990244240600e-02
