Number of epochs: 400-01
-2.524359809909440866e+00
-1.556166752767863759e+00
1.791146632234764668e-01
1.183907213615987691e-01
-3.725587383118149631e-01
-1.796686679997542768e+01
-4.843018512180007340e-01
-9.749452166543371989e-01
-6.337232460112437238e+00
-3.411554361124111701e+00
-1.930828544047919815e+00
-2.240326745014863974e+01
-7.386177697039953749e+00
8.994603716195012644e-02
9.297387362544473177e+00
9.338372515456332124e-02
2.012962201575004342e-02
-5.789058742362337417e-01
1.667985942887398598e-01
8.800487121911462762e-02
9.437972224229515539e-02
-8.913153755744054885e-02
5.734236510830013206e-02
9.114333074068124707e-02
-2.148933372461450143e-03
5.115424433965583967e-02
1.754852102786230370e-02
1.677730664824674672e-02
1.079720457156453095e-01
1.225208449894925195e-01
-5.637418549848378646e-01
1.014750392262877138e-01
1.757883477529355032e-01
-3.635731947169892897e-01
1.134637647672545324e-01
1.264201351123151185e-01
-1.290507446610733577e-01
2.191250451938331623e-01
-1.118697416326002836e+00
-2.604838900710776950e-01
1.117984798511901384e-01
-1.363694256362586232e+00
-1.179746459600226199e-01
2.003691402757724338e-01
8.173637200818913151e-02
7.592718732108220958e-02
5.598879706150575730e-01
6.189074450843267128e-01
8.181246209319104068e-02
1.516025840166245753e-01
8.889942449238973088e-02
8.053957630650267208e-02
1.496369628897248061e-01
6.880982789856127102e-02
2.533966862889671101e-01
-3.568476145688864176e-01
-5.047553353241598928e-02
2.960023944283461383e-01
-2.780566673402077527e+00
1.041077174711741438e-01
8.449839396749614373e-02
-8.857073167660695079e-01
1.218482215153177811e-01
6.999122739353249578e-01
-1.175465940462389058e+00
1.392652767619354248e-01
-6.954969683031073657e+00
-2.571500276168722454e+00
1.507678612541957897e+00
-7.645890800722071390e+00
5.974704567594291832e-02
6.273473576328546242e-02
-1.502707621356406342e+00
-2.884252654782916814e+00
8.141317559012666016e-02
-4.782571359189205507e-01
-6.086352002912552850e-01
-4.620731655488123479e+00
-7.808963107347062227e-01
-2.022616601961760185e+00
-4.509581199632564541e+00
-3.757198621807998684e+00
-6.482111530563428481e+00
-7.346839049687521606e-02
5.525079341876285022e-02
-6.529498310348461843e+00
-1.425963597559182228e+00
4.407879480282372170e-02
-3.657833710252652581e-01
-1.213165505176473924e-01
-1.414175221880215005e+01
-3.473538985424494463e+00
-7.342170832629497761e-03
-8.627058253126136833e+00
-1.635700846307980072e+00
-1.359948405123583726e+00
-7.715795035548341119e+00
-1.755178019552976032e+00
3.576632180597313360e-01
1.535176371021750308e-01
2.351445126462385071e-01
3.338610802811345923e-01
1.873241103788421569e+01
3.483920414496691209e-01
9.263377082855484002e-01
1.282687262809087403e-01
2.313361887840417463e-01
1.886186640143249493e-01
3.686325820261117103e-01
-2.642514673232454481e+00
1.444622137191745037e-01
-2.267168191487784479e-01
1.184865031417404957e+00
1.985110463510429135e-01
-1.321578642898571854e+00
4.335654545706606466e-01
-1.962243976319606453e+00
-1.109992292344905263e+00
2.133337649598129049e-01
-1.752608462723976190e+00
3.519592525542606931e-01
-2.889090793095908438e+00
-4.214913625286671045e-02
4.974831612487622956e-01
7.315096448882428548e-02
1.740564947888981751e-01
1.554137154953795508e-01
7.114690678024378212e-02
1.168934003996564414e-01
7.338141809716895725e-02
-9.818559929033875422e-01
-4.909540642020077672e-01
-2.079710376765546265e+00
-1.444252477692125280e+00
-1.584381911431088363e-01
-1.878808632320267291e+00
-2.751827677002832484e+00
-3.522359088682681882e+00
-2.455904638528051187e+00
-2.387987972354217003e+00
-1.739221458504376594e+00
-2.434875986227051925e+00
-2.099395518540257743e+00
2.068194096625478040e-02
-2.859528891867277878e+00
-1.094930836222847503e+01
-1.241280513892653259e+00
-3.965676401869170586e+00
-9.846729568163668844e+00
-1.150452979107338436e+01
-2.033739002181819799e+01
-1.728443485931061119e+00
-2.883253908510398714e-02
-1.312559793140585107e+01
1.445968165225595958e-01
-3.459024320878977682e-02
-6.514199335709833782e+00
1.159603878150749223e-01
-1.449375466498816145e+01
2.291846833243277315e-01
-3.037857698044966170e+01
1.836021792942379993e-01
6.496075439084919578e-02
8.201594520644450714e-02
6.177342259607304653e-02
8.106781832301629409e-02
-5.531234413624167706e-02
9.174598979191969650e-02
-1.443339693346212549e+01
1.140214764464908409e-01
-5.171485778336842642e+00
1.091313474284577728e-01
-1.190106592391708595e+01
4.070073309419908886e-02
-9.982427046124730197e+00
-1.638648863607748141e-01
-4.524502870867589399e-01
5.790183428805246307e-02
2.822798465925225320e-01
3.150371123307690868e-01
1.237485732118471515e-01
-1.777160626129508714e+01
5.501882045497041851e-02
5.409079999638996550e-02
-2.021830347029944619e+01
-1.990626432105353416e+01
8.491128939188347102e-02
1.821687765876649934e+01
-1.517854196207929363e+01
7.826692110034698391e-02
-1.159283319195775448e+02
3.575031314094815477e-02
-9.595506201951685910e+01
-2.766207179194214660e+00
-4.777208503445612564e+01
-7.367590278072660226e+01
1.084729505696047369e-01
