Number of epochs: 248001
-2.119561021877596652e+00
-1.923185339322715182e+00
1.777352471240895848e-01
1.536890281712600115e-01
-4.196112756246468956e-01
-1.726692718848752506e+01
-1.625235659973851776e+00
-7.145918721426043341e-01
-6.226886557665991972e+00
-3.667859791300064121e+00
-1.837056326368260439e+00
-1.221949227177293196e+01
-5.738608322384607163e+00
9.115703833437667492e-02
2.287413663169572331e+01
6.502024277504028782e-02
4.579387526158484184e-02
-6.853850472915899994e-01
1.961041037476040361e-01
1.041650697147477045e-01
1.023088650783903625e-01
-3.121256588492022366e-01
5.965402092541062518e-02
1.165369977880312269e-01
-9.539307842388991543e-02
5.305920617462459715e-02
-7.665980114540926760e-02
3.046225571746292299e-02
1.252133331583002995e-01
1.248915790265223008e-01
-4.022658151268002635e-01
1.080201024858107872e-01
1.721832494763204657e-01
-4.378479340939431808e-01
1.265325682998203749e-01
1.336990283153966230e-01
8.195915478048961325e-03
2.404501741546991311e-01
-1.986817498449793051e+00
-4.061505985172177979e-01
1.263515083420909402e-01
-2.137821824015357919e+00
-8.346263562255923710e-03
2.212181173561102165e-01
8.742093840996426057e-02
7.998784689775742529e-02
5.493328372149697270e-01
6.067376757691530509e-01
8.373260264160409250e-02
1.681351355149315330e-01
1.081709098048689310e-01
9.224423050929776713e-02
1.527955278578828069e-01
7.668329946563151589e-02
2.581521449355499986e-01
-3.625139171731020515e-01
9.265826651084224652e-02
2.792526968749093341e-01
-3.023974699122910170e+00
8.894098763516544714e-02
8.264848517523788740e-02
-1.549331666116233963e+00
1.424027847386605539e-01
6.973731066508256360e-01
-1.209803736895656900e+00
1.241089946104524527e-01
-4.907351498302802817e+00
-2.409986562124826648e+00
2.024033833100057578e+00
-7.051134711368544750e+00
5.831253517769567629e-02
6.825962369770040283e-02
-1.558402056983690276e+00
-3.508085056580879879e+00
7.042508137441741423e-02
-6.104491542139494076e-01
-1.613444658943153254e+00
-6.337281427242500875e+00
-1.628953729722872668e+00
-1.611354391243649875e+00
-4.927820537075067620e+00
-3.644171305223830704e+00
-5.581965763878756981e+00
-8.500945781466336115e-02
2.555608220295401134e-01
-4.477870139147288597e+00
-1.627362794888419506e+00
4.993681227972109060e-02
-4.874599068595306117e-01
-3.867589529559924411e-01
-1.324779165706370954e+01
-4.804698050634542028e+00
-6.182955839227625983e-02
-1.195336828951362662e+01
-2.279501627095005922e+00
-1.383141766304544440e+00
-1.554605484850816488e+01
-1.413309342295340221e+00
2.627002661762383173e-01
1.744796570466471408e-01
2.604467166571777237e-01
2.852578953150457508e-01
2.596727106588748057e+01
3.015190454566357148e-01
8.891120251183461942e-01
1.343897430040223440e-01
2.617897993950325519e-01
2.070539572675951789e-01
3.235576102829367806e-01
-2.489483872671713005e+00
1.677659370797821570e-01
-7.940788869513161208e-01
1.216303915003098091e+00
1.803492076459466409e-01
-1.827672099351581592e+00
4.274961672891112174e-01
-1.591570824570590847e+00
-1.148024341429862538e+00
2.354084186537663270e-01
-2.261268214037750912e+00
3.216188021579652334e-01
-2.810422772107572520e+00
1.991272089705352615e-03
4.726747471192536687e-01
1.183122856629952729e-01
1.935329457941873388e-01
1.488676159518885489e-01
7.211270620317961066e-02
1.250271342321640222e-01
7.507547281396997896e-02
-1.213286842203052274e+00
-2.463633391734266487e-01
-1.751347992739860082e+00
-2.304446865712875603e+00
-9.852305952684232981e-02
-2.198387465533657714e+00
-2.331733880044099205e+00
-3.123918393405562544e+00
-2.656132698001890891e+00
-1.715652780760627216e+00
-1.739526328668828725e+00
-1.532960821573317478e+00
-2.137091020314995315e+00
1.488923005833941472e-02
-2.413068780568280669e+00
-6.793645289266231124e+00
-1.461113440326386126e+00
-6.720716501061753334e+00
-1.185859446213389745e+01
-8.443389075900096685e+00
-1.194512248228114615e+01
-1.833609330347006017e+00
-5.460496410807718498e-02
-1.537473163783782404e+01
1.604094048853175192e-01
-3.161221016110989795e-02
-7.865431628867889380e+00
1.147083083595720754e-01
-1.583041378646203512e+01
1.980929555581425749e-01
-2.262428771495045865e+01
2.313466979119749301e-01
6.654053033164532283e-02
7.901170869680969322e-02
3.279051903566257420e-01
1.387346572043932358e-01
9.049287427422576802e-02
9.790265003547195255e-02
-1.983810937704181399e+01
9.896811854304732314e-02
-9.647925029630377125e+00
1.024028448805276298e-01
-1.197429939865720350e+01
-1.593290181436298088e-03
-1.234291383634840322e+01
-1.895692661366440712e-01
-3.311993990476341798e-01
6.319419990758604055e-02
3.831581997674451401e-01
3.189303735331877054e-01
1.426163384344180662e-01
-1.753446246033533029e+01
5.937130234518060712e-02
4.684635306797228782e-02
-2.165688151015294594e+01
-3.744341207669141625e+01
9.258612238375198145e-02
-1.817993971372009687e+00
-1.786723825078827943e+01
8.698185553696531624e-02
-6.035335541279116711e+01
3.009854873742792009e-02
-1.589884873546224355e+02
-5.509287686717112997e+00
-5.159350680082788898e+01
-7.021092804391564357e+01
1.053329896560449841e-01
