Number of epochs: 124001
-1.771425518287640610e+00
-1.910458639484140742e+00
1.902077207235035317e-01
1.906923892415460786e-01
-4.107721126932560862e-01
-1.540134635627311077e+01
-1.255988206534670359e+00
-6.350410391752023820e-01
-5.085199695738508829e+00
-3.214666230017564796e+00
-1.474290237017245264e+00
-1.191087777848320606e+01
-6.900820772709057138e+00
9.277982550111631144e-02
1.909932836310190396e+01
6.380425981148808712e-02
6.433300611636590116e-02
-6.545545066309590432e-01
1.806322827958118937e-01
1.058240933009591683e-01
1.103902761988381220e-01
-2.264076010749567769e-01
6.323700688046327012e-02
1.054479379719619470e-01
-3.413820021227951390e-02
6.348785121202873971e-02
-3.502900152852894688e-02
2.216533710637400359e-02
1.037052265487007074e-01
1.259939755337232958e-01
-4.254743740776525951e-01
1.076714988586937038e-01
1.883956831997835035e-01
-5.471345712432809094e-01
1.384383044449501998e-01
1.372945740617345645e-01
5.205644685083245238e-02
2.605627562095133576e-01
-1.878982678972992870e+00
-4.856740762588935278e-01
1.186608464045095929e-01
-1.976704134865439944e+00
-1.795606200405168718e-01
2.341498660215892702e-01
8.571565182321434773e-02
7.893494012865108489e-02
5.423791823161231429e-01
5.987725577299713997e-01
9.921403837363787503e-02
1.683748639447578688e-01
1.154535626894382522e-01
1.031429607218793121e-01
1.599585364020595368e-01
7.995313713412509349e-02
2.950995959307768368e-01
-4.302693325163061133e-01
2.158731901110652954e-02
3.186604948406008830e-01
-3.306111794032374096e+00
9.352225622776011438e-02
8.638327307067317218e-02
-8.918734053280354956e-01
1.267965658261222817e-01
7.319490148465215285e-01
-1.159033857192101946e+00
1.306295017730551011e-01
-6.417881522463026123e+00
-2.200114791533573921e+00
1.793324411350887049e+00
-6.939151937548063920e+00
6.126495063406411229e-02
6.537682891598051160e-02
-1.543851416014357270e+00
-3.034292047320458874e+00
7.570627649459749087e-02
-5.227804646377551823e-01
-1.526664060759767683e+00
-5.696723162288456876e+00
-1.760894327547100735e+00
-1.807424350180163897e+00
-5.817189465081618494e+00
-3.528263889681158005e+00
-5.278041214412210635e+00
-7.405002578963712501e-02
5.581788398892471165e-02
-4.087994928897885849e+00
-1.722539253149126814e+00
4.894659136730820925e-02
-5.479330698414454082e-01
-4.651269645000998820e-01
-1.481539338747287005e+01
-6.450064589113670976e+00
-1.044616838074958164e-02
-1.239494119305964936e+01
-1.640234258274895884e+00
-1.519088419260081535e+00
-1.288495108542138468e+01
-9.617249728031748157e-01
3.150276750307386964e-01
1.681997066167325305e-01
3.070096769073771825e-01
3.201354520504707257e-01
2.231662343198849996e+01
3.350915667137854825e-01
9.473732588357776097e-01
1.390629820707584285e-01
2.790216732008448108e-01
2.165441231459692695e-01
3.486286768485059584e-01
-2.492071111658747729e+00
1.400292018523039417e-01
-4.570394575865520115e-01
1.247538562871702617e+00
2.065060746813803805e-01
-1.586099818032717712e+00
4.452085819201239136e-01
-1.977261143388338249e+00
-1.186370904041149421e+00
2.486612555534506164e-01
-2.395187561957885070e+00
3.489658725508714143e-01
-2.899850426240667023e+00
1.254814311418196889e-02
4.724841932503274777e-01
1.117391709873975097e-01
1.989175170968350004e-01
1.567202317989246918e-01
7.851536837639098987e-02
1.566654509545658269e-01
7.546440785644326077e-02
-9.203999547354346777e-01
-2.048741539763592467e-01
-1.827398900200565501e+00
-2.517311846113302387e+00
-1.972930054699743030e-01
-1.739917143792426568e+00
-2.400877038101027150e+00
-3.562279513855852286e+00
-1.687070977150938234e+00
-2.080905711853903384e+00
-1.410172060084054824e+00
-2.429980262374654920e+00
-2.103290748209698524e+00
1.944244959371975445e-02
-2.701877583437365171e+00
-8.571546425285585968e+00
-1.549129270057231222e+00
-6.587535434783226229e+00
-1.100677851326594414e+01
-1.052273185006491651e+01
-1.707879906126345304e+01
-1.995909254656505816e+00
-4.792118011175226788e-02
-1.454877343771178033e+01
1.635090349147673983e-01
-9.117452894825667231e-02
-8.494135709031324311e+00
1.138012217100307644e-01
-1.469451024125696925e+01
2.266126532072958444e-01
-2.455519549020698022e+01
2.417653485320639672e-01
6.582089385602954423e-02
8.497311941599466900e-02
6.412600269563301092e-02
7.591430412963130758e-02
3.819204133385099842e-02
8.324362987963791760e-02
-1.947718856410251576e+01
1.047191936317865835e-01
-7.092192413123468597e+00
1.059019775833872634e-01
-1.134270308938415894e+01
6.187014850823452719e-03
-1.591479394655451429e+01
-1.458076105521859400e-01
-5.392774973554173013e-01
6.986542659416571099e-02
3.991084054398423842e-01
3.428579594554285737e-01
1.247865406098152136e-01
-1.941986695550829367e+01
5.860611408739466177e-02
5.526403262710959802e-02
-1.848730601608303559e+01
-3.714465680244958179e+01
8.313215375317307976e-02
-9.304340576773523219e-01
-2.066387631941634240e+01
7.712172640576005211e-02
-7.909317580597416963e+01
3.331368320763161694e-02
-1.059557989514774334e+02
-4.389871585136398302e+00
-5.560719038554267257e+01
-8.034634042089386696e+01
1.065867392600417379e-01
