Number of epochs: 111001
-1.942204902049907700e+00
-1.635805545064488387e+00
1.911283745244766186e-01
1.953662578588852006e-01
-4.173884423831816792e-01
-1.561848395770374687e+01
-1.314084069933292076e+00
-6.754241078750709004e-01
-5.212866613699679519e+00
-3.276829435379870592e+00
-1.447233399733692139e+00
-1.238567599038462319e+01
-6.633564421546140899e+00
9.463518611286463045e-02
1.867228294401525446e+01
6.800797133264739613e-02
7.117523647311116419e-02
-6.640239087090806791e-01
1.803190509690915100e-01
9.490660252451027512e-02
1.059519859214918674e-01
-2.170673504147806743e-01
5.964117577787394348e-02
1.068063627026777096e-01
-3.609882835026393538e-02
6.676687369472988909e-02
-9.433200514788540880e-03
1.934641152975184741e-02
1.046179274508204499e-01
1.254115650535031490e-01
-4.211417916530079131e-01
1.086970737476974369e-01
1.879996866163374802e-01
-5.293503856785861661e-01
1.162406990479326746e-01
1.385971585199015088e-01
6.031589443578568022e-02
2.591762868889395111e-01
-1.732612245420913633e+00
-3.380930494315603774e-01
1.212764261387258014e-01
-1.990010009164032923e+00
-1.605675371807957497e-01
2.320678685176180700e-01
8.740999047901801267e-02
8.066841336445362831e-02
5.402444852103834849e-01
6.075351870862873982e-01
1.029705664565961770e-01
1.685363263978992276e-01
1.130585680693847322e-01
1.033292666661278641e-01
1.609853419823642773e-01
8.142033819317698318e-02
2.953404848600977295e-01
-3.524073808180236966e-01
1.506227073562733075e-02
3.127644308214901359e-01
-3.422321397715339053e+00
9.506895829472895854e-02
8.707827353774225121e-02
-8.189024312210149148e-01
1.286509711018421487e-01
7.513877611686941016e-01
-8.842105188205632293e-01
1.337117250231188159e-01
-6.565825129873978483e+00
-2.389436575038197397e+00
1.819854627324819063e+00
-7.280103586478531064e+00
6.209774768732010536e-02
6.707066118791599196e-02
-1.587554898925021440e+00
-2.846880440679329993e+00
7.785068296205281679e-02
-5.419728439834277101e-01
-1.617775060155159705e+00
-5.811467643276396977e+00
-1.132588963484774780e+00
-1.885435188867956358e+00
-5.956738804120067954e+00
-3.758968939124112563e+00
-5.233199420487286702e+00
-4.636108817189381337e-02
5.550597143571126685e-02
-4.143604910166260424e+00
-1.802941217265688456e+00
4.537082530908966710e-02
-5.541839723829364850e-01
-4.203927894547233035e-01
-1.508065775995156166e+01
-6.658238069990372487e+00
-6.022178710336913848e-02
-1.125929821411123655e+01
-1.451403489012131010e+00
-1.460959761259508438e+00
-1.188727979940757429e+01
-9.617249728031748157e-01
3.207329126103971584e-01
1.686635794329300331e-01
3.075369280761275359e-01
3.229056570128209791e-01
2.268068678473477462e+01
3.257572539592739069e-01
9.622292203759885698e-01
1.407094297545903039e-01
2.762935268867723893e-01
2.160017766985602994e-01
3.451646483207340133e-01
-2.584323720908778377e+00
1.424701319710912351e-01
-5.042799081488694712e-01
1.259276203104100933e+00
2.082411499401901622e-01
-1.570435903147462842e+00
4.462148166447231779e-01
-2.082408082223171863e+00
-1.164198821642901116e+00
2.469628620066178504e-01
-2.470515867597724569e+00
3.508291939589673891e-01
-2.580105378013112016e+00
1.923476222337226066e-02
4.724627862859325234e-01
1.169002270067774074e-01
1.952626314767678950e-01
1.593533401862566590e-01
7.902824241144602857e-02
1.640491488129204034e-01
7.590290127353786775e-02
-9.685817352195094099e-01
-2.740448679215619077e-01
-1.923297437023605339e+00
-2.490340293203884503e+00
-1.649898613291810312e-01
-1.729429931461262004e+00
-2.457899648779855450e+00
-3.830550335758347469e+00
-1.649389606290674770e+00
-2.105089797786583450e+00
-1.432429305473307490e+00
-2.248257050278896774e+00
-2.160698967481082811e+00
1.501013550850186645e-02
-2.768035583861527815e+00
-9.104385955277455977e+00
-1.635650719169501555e+00
-6.587612732808825200e+00
-1.116395376124122940e+01
-1.110179271987384020e+01
-1.794743664627196367e+01
-1.924107273029737053e+00
-3.366640696314927156e-02
-1.534049434913462306e+01
1.645777590257215539e-01
-8.322511809504169744e-02
-8.739780818749828484e+00
1.152682500584710779e-01
-1.468020211665363739e+01
2.290503903274186681e-01
-2.537447061992505226e+01
2.363161425747939137e-01
6.608706867936010865e-02
8.760757132572268013e-02
6.449331298547866798e-02
7.698523960445943781e-02
5.553058523807948704e-02
8.409341701020220383e-02
-1.870928026754809181e+01
1.054164725850562090e-01
-6.431857091732116061e+00
1.079291990654104583e-01
-1.148997342890150186e+01
1.754010505185387564e-02
-1.555453361120147981e+01
-1.421955827287048890e-01
-4.894216254129554189e-01
6.866200110855119609e-02
4.008244415471303168e-01
3.348617485171848651e-01
1.270271007789557371e-01
-1.728906651939967176e+01
5.820114022023758354e-02
5.493322856535425014e-02
-1.803847651809252994e+01
-3.174619229842971890e+01
8.495536341105917877e-02
-8.452929699300347766e-01
-2.118217111474480063e+01
7.852602001978892243e-02
-8.115496435158583211e+01
3.530057988391722273e-02
-1.029117824512697723e+02
-4.500817463672412089e+00
-5.501198246170011430e+01
-8.076212940579934241e+01
1.088052572155725622e-01
