Number of epochs: 202001
-2.125180901135766298e+00
-2.029251698603760534e+00
1.826010073633427544e-01
1.661173845154040596e-01
-4.181129520254850962e-01
-1.518455152511043060e+01
-1.439657495163154000e+00
-7.582107312914322383e-01
-6.352551294409948035e+00
-3.720388329627328350e+00
-1.961268636482768279e+00
-1.141459401473075452e+01
-5.799984113005225872e+00
9.290256646319169920e-02
2.210799466113643419e+01
5.476836628553091724e-02
5.173206838582040945e-02
-6.029969156792529539e-01
1.989045341138764300e-01
1.067331642799436014e-01
1.035615263901410454e-01
-2.486081201527113593e-01
5.975302748973689709e-02
1.222410507401969215e-01
-7.915786774858589447e-02
5.634397938843699327e-02
-7.103480340673491711e-02
3.155187778954226391e-02
1.291564078728155152e-01
1.257865600074306589e-01
-4.423985409459182949e-01
1.080454070306974407e-01
1.789954554878681048e-01
-4.636543218619240680e-01
1.299052697070481599e-01
1.346386693286563407e-01
1.235733218965762159e-02
2.428035864807880917e-01
-1.954236542388632314e+00
-4.807325137452782005e-01
1.313014912117795030e-01
-1.985856137960399170e+00
-7.685871968130900123e-02
2.263351044455146066e-01
8.639992915537618445e-02
8.122584365121598982e-02
5.462645093401300445e-01
6.035384888697560291e-01
8.824963402829140435e-02
1.717099646956945502e-01
1.102545404844668120e-01
9.538497310762111825e-02
1.549470090533317801e-01
7.674939982385396708e-02
2.591338775751148016e-01
-3.778841075697098040e-01
7.067397140472633787e-02
2.784471482776719742e-01
-3.096326342051216596e+00
9.019643858812415038e-02
8.346802476009224092e-02
-1.366082736692294741e+00
1.476162090202326194e-01
7.236697215518046455e-01
-1.153558963832911122e+00
1.270011525764447591e-01
-5.147717000313973834e+00
-2.336761621983015402e+00
2.067791245760426833e+00
-6.851211358474773583e+00
5.951778466010445440e-02
6.748522196871085954e-02
-1.390566006496790408e+00
-3.366917031144824435e+00
7.345996295036552604e-02
-6.053350724615023104e-01
-1.579074211392134997e+00
-6.089504641382431416e+00
-1.547704495786789591e+00
-1.494670757304972009e+00
-5.062066903638424264e+00
-3.486625490279595674e+00
-5.321281470807147862e+00
-7.708569483897824426e-02
5.244118910362496194e-02
-4.761892477371124421e+00
-1.782245680292247059e+00
4.612141206379524044e-02
-5.117458890888120226e-01
-3.835982676409244729e-01
-1.368185345006209808e+01
-5.312170986254364458e+00
-4.996767513025926477e-02
-1.243071960891814420e+01
-2.145267187320456959e+00
-1.436975500786271009e+00
-1.439822701824088824e+01
-1.250313903152717954e+00
2.699244673892166047e-01
1.775327912783474793e-01
2.633658279420907355e-01
2.869440765959866968e-01
2.365966442666085001e+01
3.031378773096446433e-01
9.087599165168047666e-01
1.370576877535635563e-01
2.598731676996591800e-01
2.104094579623247974e-01
3.213517286383022475e-01
-2.416124186924256900e+00
1.759663524854984951e-01
-6.528504345332223346e-01
1.242055936726043530e+00
1.897566323507525188e-01
-1.886813664070678964e+00
4.225953395282542879e-01
-1.608009748885164791e+00
-1.002142658970135214e+00
2.396889926855988451e-01
-2.187809047946129404e+00
3.243827569381453335e-01
-2.767503006849380220e+00
-2.060318107399557782e-03
4.683036395983993794e-01
9.781369699680864116e-02
1.971807823627698963e-01
1.543574243609880381e-01
7.126550542634273178e-02
1.346565307780060172e-01
7.745938692631910982e-02
-9.726025281804983047e-01
-2.122367979397779270e-01
-1.621264145055355987e+00
-2.408308011626206557e+00
-2.320537611122738542e-01
-2.410538845659504936e+00
-2.379998475128158653e+00
-3.468667666028235619e+00
-2.410388076963192017e+00
-1.790411959161779754e+00
-1.674784753943413307e+00
-2.180247937489209864e+00
-2.123124735122724260e+00
2.451530482092652286e-02
-2.463895586977252083e+00
-7.098575634040595439e+00
-1.440331730056146009e+00
-6.961233940158851219e+00
-1.047169685653688909e+01
-9.162289617144249831e+00
-1.313675422408853244e+01
-1.826881569218194334e+00
-6.290311357322901642e-02
-1.359433999706794438e+01
1.633236752249510870e-01
-7.551182687194957222e-02
-7.976771975270917636e+00
1.174119183399998378e-01
-1.602746002079312859e+01
2.080917485340937345e-01
-2.341886204744484701e+01
2.392604139198287183e-01
6.869026799910163406e-02
8.030785936356983623e-02
6.680238777207589407e-02
1.616838374889771612e-01
1.155391984355878254e-01
9.290425819001464636e-02
-2.162286707156042453e+01
1.029644511052523609e-01
-9.366780608617098380e+00
1.043407124677588477e-01
-1.177068454710385836e+01
-1.925281727830378906e-03
-1.304272960724051700e+01
-1.704198415441827708e-01
-2.800936359357192873e-01
6.587841377701120216e-02
3.777943618772180434e-01
3.132627070158453542e-01
1.410705503768366897e-01
-1.761245109200532255e+01
6.163032482756771596e-02
5.113942136088842072e-02
-2.000536762016406911e+01
-3.513458927953268329e+01
9.541087554492748424e-02
-1.448975284189263135e+00
-1.777829386228856023e+01
8.971718193935469821e-02
-6.791082665693677711e+01
3.665947310710081924e-02
-1.533098719215000187e+02
-4.722509895151477011e+00
-5.385014561251025356e+01
-6.661660098175462963e+01
1.022210213428597914e-01
