Number of epochs: 113001
-1.856216541639420736e+00
-1.635805545064488387e+00
1.915851552706199779e-01
1.952787556564026250e-01
-4.173884423831816792e-01
-1.561848395770374687e+01
-1.314084069933292076e+00
-6.654332168990860774e-01
-5.185707111356961718e+00
-3.276829435379870592e+00
-1.498396267205759358e+00
-1.238567599038462319e+01
-7.234377309989715954e+00
9.455417021313355930e-02
1.883217012687530456e+01
6.751387057487262533e-02
7.093805531151936572e-02
-6.640239087090806791e-01
1.806714119314381251e-01
9.523516271552819046e-02
1.067576753560924713e-01
-2.170673504147806743e-01
5.990223653295811274e-02
1.069597299799230350e-01
-3.609882835026393538e-02
6.673330022311178833e-02
-5.934234084772683701e-03
2.059759880370633928e-02
1.050434662698332827e-01
1.254254729695828408e-01
-4.321003239674700569e-01
1.088984976336020427e-01
1.881689481308640999e-01
-5.293503856785861661e-01
1.166229218077462354e-01
1.386494457191708440e-01
6.008266403657699234e-02
2.581652701897274582e-01
-1.733107996952530927e+00
-4.870902204737621033e-01
1.211077666235033934e-01
-1.990010009164032923e+00
-1.806617353080383348e-01
2.336796509503911989e-01
8.743398937186824815e-02
8.032856000686432185e-02
5.403611510015589037e-01
6.077066712160893447e-01
1.030461290159008642e-01
1.690175433202411037e-01
1.128058109252052937e-01
1.035004202778950777e-01
1.610185716792625898e-01
8.114164586379388200e-02
2.945190915307948076e-01
-3.524073808180236966e-01
1.560511085586951605e-02
3.123821593362989257e-01
-3.389680760766955903e+00
9.516605551169614319e-02
8.733583861305690976e-02
-8.189024312210149148e-01
1.287256098004314064e-01
7.521647804304927298e-01
-8.842105188205632293e-01
1.321670795060385928e-01
-6.526634484302812567e+00
-2.372835283170049436e+00
1.825765210066908617e+00
-7.280103586478531064e+00
6.159511115915859009e-02
6.724758763481621104e-02
-1.587554898925021440e+00
-2.855238733978667565e+00
7.811429193069575894e-02
-5.419728439834277101e-01
-1.617775060155159705e+00
-5.811467643276396977e+00
-1.121301435959951576e+00
-1.885435188867956358e+00
-5.870413671212459938e+00
-3.758968939124112563e+00
-5.156755750809431937e+00
-4.636108817189381337e-02
5.580154987848719855e-02
-4.143604910166260424e+00
-1.802941217265688456e+00
4.629908369529851797e-02
-5.454133642319950459e-01
-4.632651737776310452e-01
-1.508065775995156166e+01
-6.658238069990372487e+00
-6.022178710336913848e-02
-1.125929821411123655e+01
-1.451403489012131010e+00
-1.460959761259508438e+00
-1.218074539441567161e+01
-9.617249728031748157e-01
3.187981075050638213e-01
1.694050193766314383e-01
3.067037544575039187e-01
3.217780895740610658e-01
2.268068678473477462e+01
3.250023398378789063e-01
9.649614636406831369e-01
1.408102867384374846e-01
2.755115721192304412e-01
2.171715210697589549e-01
3.487320805683893910e-01
-2.584323720908778377e+00
1.423307220943855755e-01
-5.042799081488694712e-01
1.268250675386413340e+00
2.089823589848569252e-01
-1.556593516726270332e+00
4.467441046617299238e-01
-2.082408082223171863e+00
-1.187714886032181782e+00
2.467494838414732716e-01
-2.470515867597724569e+00
3.519318977000562287e-01
-2.674055888698402494e+00
1.837146442559267276e-02
4.721375507541319960e-01
1.161195641794158379e-01
1.959189215496113523e-01
1.591587439526307435e-01
7.927935962364590639e-02
1.632955094388307826e-01
7.612427071455936389e-02
-9.685817352195094099e-01
-2.740448679215619077e-01
-1.903745150812579556e+00
-2.465320551685592054e+00
-1.635611242347195238e-01
-1.729429931461262004e+00
-2.457899648779855450e+00
-3.830550335758347469e+00
-1.649389606290674770e+00
-2.105089797786583450e+00
-1.432429305473307490e+00
-2.467299118802437352e+00
-2.150067070173401707e+00
1.581297517634779742e-02
-2.768035583861527815e+00
-9.049232286028455974e+00
-1.615126901038587803e+00
-6.587612732808825200e+00
-1.116395376124122940e+01
-1.110179271987384020e+01
-1.790788966656945647e+01
-1.924107273029737053e+00
-3.366640696314927156e-02
-1.534049434913462306e+01
1.649048346942494359e-01
-8.322511809504169744e-02
-8.643546589948776671e+00
1.155746700460765497e-01
-1.468020211665363739e+01
2.296723075652925827e-01
-2.537447061992505226e+01
2.382385345386434372e-01
6.622249374826875978e-02
8.777165017561112947e-02
6.450770447391318552e-02
7.724056558653992488e-02
5.268006212820636192e-02
8.402749039937403019e-02
-2.050995124410695425e+01
1.053899954439938974e-01
-6.760268956645388627e+00
1.081931191662929420e-01
-1.148997342890150186e+01
6.874613006129058970e-03
-1.537894828644601120e+01
-1.421955827287048890e-01
-4.853563727706975972e-01
7.052303069801460489e-02
4.009251398747197825e-01
3.350318937966139665e-01
1.270017051152658449e-01
-1.728906651939967176e+01
5.845482465197124333e-02
5.526642059593195322e-02
-1.803847651809252994e+01
-3.174619229842971890e+01
8.511549690252932787e-02
-8.452929699300347766e-01
-2.158286274844331842e+01
7.862505519434506707e-02
-8.115496435158583211e+01
3.570921787843760187e-02
-1.035345701203060287e+02
-4.500817463672412089e+00
-5.465339557728103159e+01
-8.076212940579934241e+01
1.088763725510758090e-01
