Number of epochs: 365001
-2.302419504677882589e+00
-2.210278450711541165e+00
1.714488337702721743e-01
1.498228415217702780e-01
-5.241994577399904376e-01
-1.572305327979956679e+01
-1.618416879650424800e+00
-6.682822176590986762e-01
-9.266309852503724187e+00
-4.628254797307256752e+00
-1.809920468691765816e+00
-1.217245002873868387e+01
-5.098630258208557642e+00
8.917689212197464632e-02
2.158591918299621071e+01
5.550991493522473841e-02
4.081560668696485733e-02
-7.232860911468731446e-01
1.943985758809822217e-01
9.920153591941244242e-02
1.006933119061498710e-01
-2.875851766715667446e-01
8.464073731771205866e-02
1.057359290476032887e-01
-1.211201243011472001e-01
5.461128295243310865e-02
-1.006914015177824001e-01
3.080320717299787903e-02
1.144310292217160796e-01
1.238266069393527263e-01
-3.938211893446997292e-01
1.029792324967469253e-01
1.652759373699995149e-01
-4.165183976731676729e-01
1.209258154496799659e-01
1.329607194366070333e-01
-3.429945565519017681e-03
2.679758589070014851e-01
-2.252624365843512777e+00
-4.110999028770355723e-01
1.191874979395171341e-01
-2.256212656226655788e+00
-8.384853150911147912e-02
2.189678988706575125e-01
8.769268827886676776e-02
7.689993192016085499e-02
5.447268440098866904e-01
6.227405147442570676e-01
8.306028858825970085e-02
1.643454900947310948e-01
1.017356002315112917e-01
8.701205865312530707e-02
1.488580211911277318e-01
7.620706193769923031e-02
2.854971919705079908e-01
-1.994006905532102192e-01
8.992083828303977511e-02
2.821409659861447428e-01
-2.880875374117899401e+00
8.431689196172960366e-02
7.968373477861469267e-02
-1.449840699617798823e+00
1.367244623076451504e-01
7.151234678180103943e-01
-1.347392547188118517e+00
1.212837846918762008e-01
-5.691517652776952652e+00
-2.491390413983891161e+00
1.948933866293426354e+00
-6.946746109298805649e+00
6.841768199893577540e-02
6.153557329577678120e-02
-1.603498359487099734e+00
-3.415943971702228410e+00
6.951369499351726933e-02
-8.923706086506029145e-01
-1.589207723945409434e+00
-6.620254479684360760e+00
-1.545702535694785551e+00
-1.590174667752004556e+00
-4.634607528923120334e+00
-3.532549685464539735e+00
-6.438141357816705046e+00
3.730692597071378347e-01
1.310940231892834540e-01
-5.298915527713700335e+00
-1.717278900896063831e+00
4.748018685876179146e-02
-5.649063997400194381e-01
-4.381237882521772931e-01
-1.424393890834340759e+01
-4.490035554907010784e+00
3.943982044229677603e-02
-1.243445334946264325e+01
-2.426125184062748463e+00
-1.520226033402255927e+00
-1.590480694498470093e+01
-1.624215949033720241e+00
2.435841444432717273e-01
1.828596028165070941e-01
2.453772297468141128e-01
2.751799925286593229e-01
2.660736349553563329e+01
2.916368725325245159e-01
9.308936072860628519e-01
1.281847873985170749e-01
2.663107715305805812e-01
2.049499643692515582e-01
3.163970029358771363e-01
-2.102162633522904223e+00
1.568273153844095547e-01
-8.438261646924990478e-01
1.198345225719497531e+00
1.777429507816007392e-01
-1.834782265430867199e+00
4.307356980510560485e-01
-1.538080020509396517e+00
-1.242636760284036912e+00
2.357642579347043188e-01
-1.742202430428373194e+00
3.061666091810990031e-01
-2.489155371286128737e+00
-5.777869669881419146e-03
4.718323759695403630e-01
1.048751377830801634e-01
1.909628991350567628e-01
1.431339073659747552e-01
6.946028233890237658e-02
1.123116852232199370e-01
7.122091584666226383e-02
-1.040742381180696396e+00
-2.468006987725148149e-01
-1.631517343967102684e+00
-2.344310783286144950e+00
-1.417006885707459696e-01
-2.266553250857663571e+00
-2.469307541437327558e+00
-2.888261827999395237e+00
-2.415898302182430513e+00
-1.751830641357586593e+00
-1.738117845768154313e+00
-1.708455072864692559e+00
-1.891168063858061688e+00
8.428005482888431196e-03
-2.600728600119443623e+00
-8.087790434463192568e+00
-1.909234105270883886e+00
-6.468677351304197742e+00
-1.113213042823786836e+01
-9.088941361895281901e+00
-1.132604831568088777e+01
-1.873067073948938788e+00
-7.251843239243267736e-02
-1.525300679106008594e+01
1.584327272060613023e-01
-4.058483031731630053e-02
-7.351214637086306958e+00
1.124361200174755354e-01
-1.575845125345008491e+01
1.830928662547358088e-01
-2.556701920017954777e+01
2.256265232800629683e-01
5.849576133331075428e-02
9.339576691486130289e-02
2.376936470085536934e-01
1.115732151435848418e-01
8.853543608743963400e-02
9.386719600033278932e-02
-1.910312110785378081e+01
9.808640294629902834e-02
-1.020212636233359937e+01
9.781898588565590691e-02
-1.426200855964020242e+01
-9.955523810315752842e-03
-1.250589981830389519e+01
-2.102138135245799344e-01
-4.067119526081866554e-01
7.125840404070615808e-02
3.851810799021412879e-01
3.316938722056081423e-01
1.364167526894961013e-01
-1.884437827254687647e+01
5.702633730492336767e-02
1.059409910039240954e-01
-2.128269275975337749e+01
-3.526640462079581084e+01
8.707573910633678582e-02
-2.312810152296939314e+00
-1.677549658617094508e+01
9.089916881730937537e-02
-5.729603789184173479e+01
1.824120175960148443e-02
-1.896415859667681332e+02
-5.363155402377556058e+00
-6.121329931346221542e+01
-6.652157721540525870e+01
9.878153605368139578e-02
