Number of epochs: 387001
-2.244276603976141704e+00
-2.210205662472700894e+00
1.705736116515149670e-01
1.468279666836299069e-01
-5.291960771679962150e-01
-1.591830591252620941e+01
-1.603631525585153650e+00
-6.384788464876736125e-01
-9.173789394716850509e+00
-5.206824970545246956e+00
-1.798529863652142513e+00
-1.245155811979162408e+01
-5.029731977850553371e+00
8.886309704866091064e-02
2.285962867068485949e+01
5.448744819144330648e-02
4.111032344102424907e-02
-7.288868488762386688e-01
1.939161422758588771e-01
9.893411126100772057e-02
1.111753016635303598e-01
-2.905333823802659365e-01
8.261677143980576676e-02
1.048229785904537664e-01
-1.311708435596884714e-01
5.427015925765801135e-02
-9.511436283900334687e-02
3.120637188651903191e-02
1.137918580507160521e-01
1.236414999718027236e-01
-3.497561453970157719e-01
1.024446989753340087e-01
1.644016314642626764e-01
-4.553500962207150948e-01
1.200820900705695665e-01
1.312090556753244264e-01
-5.030270859266646431e-03
2.661478337393414773e-01
-2.243552065131789952e+00
-3.980233690423735093e-01
1.181663138870495261e-01
-2.206490986037413560e+00
-7.768018451279128100e-02
2.214789490170877839e-01
8.757262928133202617e-02
7.954505260346006468e-02
5.473562185684285319e-01
6.311517979666839695e-01
8.212764606151508329e-02
1.636378987819359088e-01
1.211347990780719391e-01
8.825730427019075341e-02
1.480722612696447338e-01
7.686165492278006217e-02
2.869136494759742528e-01
-1.993663149937116297e-01
8.908350623741681518e-02
2.827551652559741058e-01
-2.861225454872470042e+00
8.389636581329655562e-02
7.912441293081945437e-02
-1.434152710740921766e+00
1.361189386574145621e-01
7.323997432910561711e-01
-1.320927060423085830e+00
1.210813578088332648e-01
-5.939705681230120327e+00
-2.472868740837241397e+00
2.021910945368148749e+00
-6.658729811746656679e+00
6.863090299785419568e-02
6.057529803940741447e-02
-1.619691209057297465e+00
-3.418177492467602718e+00
6.809814809491632204e-02
-8.897498412889575103e-01
-1.556827808768753707e+00
-6.436478850421711861e+00
-1.535773947891287294e+00
-1.584902626339420140e+00
-4.524377676610928489e+00
-3.436837990511275365e+00
-6.334338067586219090e+00
2.508243592225077312e-01
1.229759127085164605e-01
-5.133372863052063195e+00
-1.739329776375972081e+00
4.670517651300261364e-02
-5.550128045752938943e-01
-4.312448813520647906e-01
-1.430742659125276184e+01
-4.447514499251136399e+00
3.393663153944070920e-02
-1.238747680642100235e+01
-2.385669990902107962e+00
-1.491878376835069187e+00
-1.570933556933594133e+01
-1.586728516181185489e+00
2.389726474491415675e-01
1.828874048455420565e-01
2.418924766632119527e-01
2.728539588236096880e-01
2.624391432193496598e+01
2.911330075340516355e-01
9.507379617706468444e-01
1.274073930200673721e-01
2.647822623920546015e-01
2.043111796704648875e-01
3.167750408488990144e-01
-2.063526151459747382e+00
1.557651216659357574e-01
-8.279219430803688162e-01
1.223370931041564802e+00
1.765008169187618770e-01
-1.820216233633586311e+00
4.307694117425188152e-01
-1.621594458902794633e+00
-1.355891852906710993e+00
2.358778223138939811e-01
-1.833057174945459167e+00
3.042730421417133568e-01
-2.608670426503977069e+00
-9.539075182189223068e-03
4.735918426556948169e-01
1.066211400956404293e-01
1.899918134808095127e-01
1.426373502318877828e-01
6.812232426168099431e-02
1.129337592208374957e-01
7.129124321097032868e-02
-1.019581611326997095e+00
-2.413175531713478150e-01
-1.678317150072556663e+00
-2.298969328535409140e+00
-1.684665043425326580e-01
-2.402547766999133749e+00
-2.438315382861876213e+00
-2.833199569962558062e+00
-2.436263442096774146e+00
-1.736729957273041691e+00
-1.815599260898797862e+00
-1.671758115436015935e+00
-1.870329683933842579e+00
7.153163360876680678e-03
-2.750195739173173504e+00
-8.347453476444313125e+00
-1.947840855039763230e+00
-6.261129395182654100e+00
-1.100548831089873403e+01
-9.001174746998684029e+00
-1.126649646550343675e+01
-1.845788574485024869e+00
-5.372918235929850100e-02
-1.579407267247445823e+01
1.577146528848836493e-01
-4.022568985502487232e-02
-7.430052833840707471e+00
1.123956582263134635e-01
-1.584848203932573263e+01
1.814077774125207876e-01
-2.706224372254978050e+01
2.250335770827496529e-01
5.765026918213078666e-02
9.218587712137023271e-02
2.322958123710528733e-01
1.094156642451095118e-01
8.438186928443690282e-02
9.381625292086465118e-02
-1.868643323477125051e+01
9.739660155660724572e-02
-1.016613030192097433e+01
9.752840237799242917e-02
-1.474972114626506858e+01
-1.703182939951435049e-02
-1.253415634913406507e+01
-2.040074799935404914e-01
-4.119738093538364843e-01
6.926910780723384564e-02
3.860866051807844701e-01
3.360150886322674779e-01
1.353811784998554535e-01
-1.864731781182667447e+01
5.713077577740452440e-02
1.004043685884037918e-01
-2.159479029563793162e+01
-3.473963132933930353e+01
8.592908910209270945e-02
-2.315448109742912486e+00
-1.620706501188645632e+01
9.017276941383203792e-02
-5.606746155624976069e+01
1.880708950543051247e-02
-1.890523004551628787e+02
-5.606996892805770294e+00
-6.584910294898764960e+01
-6.494704799805391815e+01
9.800034886388669930e-02
