Number of epochs: 258001
-2.091768292562716791e+00
-1.875684968737169944e+00
1.764883493828078853e-01
1.672873296616299577e-01
-4.459768733118635309e-01
-1.726692718848752506e+01
-1.661580270855735453e+00
-6.863063048224415930e-01
-6.566002120431586597e+00
-3.627790854381047314e+00
-1.811555445373165041e+00
-1.197058167067786272e+01
-5.552346932801807355e+00
9.053830152214473181e-02
2.212444459733437441e+01
6.521142397530350909e-02
4.372645813758434252e-02
-6.721368687254811736e-01
1.949256999259910694e-01
1.019495297080309504e-01
1.012363242144889292e-01
-3.156488234052580166e-01
5.778489763542721952e-02
1.137407310359614537e-01
-9.954607398283299435e-02
5.232602816763811532e-02
-7.723547459724255937e-02
3.171064083876121154e-02
1.231632302712474536e-01
1.237911308050830966e-01
-3.951564313679291618e-01
1.064701425353940800e-01
1.704367110860154078e-01
-4.277144973240470383e-01
1.250417481449856150e-01
1.325558684406492049e-01
7.821088945015456859e-03
2.396478503555140305e-01
-1.986817498449793051e+00
-3.970841755227764724e-01
1.245033577579620770e-01
-2.145904816474605070e+00
-1.174937693131678472e-02
2.198600603225011607e-01
8.671036180063594612e-02
7.950420490970966370e-02
5.379241298797314830e-01
5.952123623484805170e-01
8.258742514001932156e-02
1.664958449886556890e-01
1.069377732485968790e-01
9.065090412871006087e-02
1.513119760273166914e-01
7.689083075322228344e-02
2.564231595235431094e-01
-3.510818116681865275e-01
8.976481353907814209e-02
2.778738897939096453e-01
-2.958460911237736468e+00
8.759457464124371928e-02
8.142739866542203497e-02
-1.539785957802235483e+00
1.413833032889936780e-01
6.853956371821733340e-01
-1.260499827094260006e+00
1.227098729548030120e-01
-5.200623383393988775e+00
-2.346853869195649978e+00
1.973116441705773827e+00
-7.055846030758281096e+00
5.871593088786365711e-02
6.734174119330615937e-02
-1.522935525683052571e+00
-3.474952157294198152e+00
7.005130357720056045e-02
-6.013576259638169219e-01
-1.594648078516357703e+00
-6.324383156308611476e+00
-1.613113187539957805e+00
-1.590690788407987943e+00
-4.783700579888116700e+00
-3.606365909153833815e+00
-6.117900989223548969e+00
-8.288494937925841577e-02
2.341216778564278456e-01
-4.686764329640690008e+00
-1.639898257776652990e+00
4.858993578351165216e-02
-5.706274523470136195e-01
-3.785136299893481771e-01
-1.382881210826251639e+01
-4.783756090472686573e+00
-6.703062082706602587e-02
-1.201491982854332718e+01
-2.296934865658381675e+00
-1.432210793038386942e+00
-1.527168241456443454e+01
-1.403951558722672965e+00
2.594684262569444955e-01
1.733165811405816270e-01
2.579603424188596228e-01
2.814773837450212368e-01
2.712520963168745425e+01
2.982090304815143700e-01
8.690443573120349985e-01
1.327112531421429376e-01
2.613018709812278684e-01
2.057078166279650011e-01
3.171818531936589358e-01
-2.367873278030543371e+00
1.656356588223883430e-01
-7.587264341406507739e-01
1.185525271853669516e+00
1.785442853576194033e-01
-1.839316462431517252e+00
4.188718483357615763e-01
-1.576400866036416382e+00
-1.118717743423973454e+00
2.347118902891210390e-01
-2.245141868385122308e+00
3.164561916529086694e-01
-2.792751629926713441e+00
1.392789071229715231e-03
4.630471033389230162e-01
1.154757028535463442e-01
1.922721317404236518e-01
1.473772769422979079e-01
7.052123707248807161e-02
1.227860607324329639e-01
7.499097102637715395e-02
-1.231026961431825884e+00
-2.454338726605425625e-01
-1.738137564380547229e+00
-2.271961169101209599e+00
-1.058230891812730473e-01
-2.127775451699611686e+00
-2.339659546074048357e+00
-3.080328003192882580e+00
-2.608753999373741195e+00
-1.690650404154753872e+00
-1.717058272440076472e+00
-1.518870036595317385e+00
-2.130287651947645688e+00
1.603872553628615111e-02
-2.383033703706277429e+00
-6.707034772542205481e+00
-1.540531363471723036e+00
-6.694877720715261660e+00
-1.185859446213389745e+01
-8.325499969419345447e+00
-1.186101674830310237e+01
-1.855863520410338419e+00
-5.324951512067858245e-02
-1.497572744163497838e+01
1.592939762416585581e-01
-2.981104305311950073e-02
-7.760558252265354007e+00
1.132661027318403041e-01
-1.572239868001601693e+01
1.960079896067525584e-01
-2.215412420960115369e+01
2.298892301736373822e-01
6.670990470006869788e-02
7.825678931975428576e-02
3.070221276221805629e-01
1.341122574143256418e-01
8.443092094994189556e-02
9.595166669155633099e-02
-1.982036074477999676e+01
9.718793985246788891e-02
-9.531565641841643455e+00
1.009131710453868291e-01
-1.222599101375580233e+01
-1.685906091494710716e-03
-1.246786396165353850e+01
-1.852651994810447511e-01
-3.315931341663948539e-01
6.360398958844695749e-02
3.747546372369612855e-01
3.155938153283774361e-01
1.410100944938815493e-01
-1.790435903944852214e+01
5.944835607911289760e-02
4.677696935575903492e-02
-2.123905160676746107e+01
-3.645085383475691287e+01
9.124710938849810160e-02
-1.817513278673517974e+00
-1.790160110997766552e+01
8.568999539765558005e-02
-5.904007582156214085e+01
3.050267988451295723e-02
-1.568155830573942353e+02
-5.456007567351255361e+00
-5.110974326691088265e+01
-6.865395857851166284e+01
1.033297094784641074e-01
