Number of epochs: 198001
-2.111537705134763687e+00
-2.060008652832627796e+00
1.837014011528868840e-01
1.667654448564956648e-01
-3.926564955169656312e-01
-1.558700758693111332e+01
-1.452160694806509333e+00
-7.383823513123292104e-01
-6.391938219535932220e+00
-3.388745308159352376e+00
-1.971927329017665764e+00
-1.152686762997990044e+01
-5.953363036857089341e+00
9.326984800373848417e-02
2.227030525485693246e+01
5.598976519658194206e-02
5.109649582156668146e-02
-6.200375105432828216e-01
1.997710368395562153e-01
1.071669203342488358e-01
1.046856944029272984e-01
-2.501752595172592741e-01
5.993326819432624741e-02
1.232014847956384440e-01
-7.915786774858589447e-02
5.694888723021074295e-02
-7.045289171188534594e-02
3.123811407070943569e-02
1.300445617024441614e-01
1.260001281405947193e-01
-4.441746621659388716e-01
1.069314875041317836e-01
1.800855837638936363e-01
-4.651351777196118253e-01
1.305116129411366399e-01
1.350520882082094920e-01
1.251552818824535306e-02
2.433910923844967433e-01
-1.981026706221515443e+00
-4.271305844812306463e-01
1.319842299288474796e-01
-1.993812444332799361e+00
-7.871776684138361013e-02
2.275109419647000641e-01
8.659841621720791582e-02
8.148144917005520349e-02
5.476289304610816311e-01
6.039047498423246729e-01
8.854757008379432470e-02
1.717765677904805888e-01
1.109643171004661005e-01
9.591936570174888765e-02
1.554024027489264159e-01
7.697467810773332697e-02
2.594773431723294554e-01
-3.756049699294528588e-01
7.045852712170352916e-02
2.781569331825717861e-01
-3.108353005488062148e+00
8.993400985546462501e-02
8.322222063392448188e-02
-1.276479256256707551e+00
1.480264921567602809e-01
7.292746250296974209e-01
-1.161446464787401656e+00
1.272444425132178147e-01
-5.157744549406436896e+00
-2.318043141293869791e+00
2.090415134858595092e+00
-6.697377894756117556e+00
5.950558778798267778e-02
6.825341592729307350e-02
-1.401525286358522804e+00
-3.433916523140863486e+00
7.377518584711104110e-02
-5.558046778223445505e-01
-1.608638319360930380e+00
-5.520064906229919188e+00
-1.547704495786789591e+00
-1.494670757304972009e+00
-5.085368864513071685e+00
-3.430457383693768403e+00
-5.475001970901151260e+00
-7.818522824194505672e-02
5.329178297592051389e-02
-4.757942257259729857e+00
-1.823894376554097141e+00
4.648747492225834693e-02
-4.793590138411066293e-01
-3.845569398211969858e-01
-1.377373004920710997e+01
-5.368811511425260363e+00
-3.038758718609170170e-02
-1.272663684163139841e+01
-2.058878910815008290e+00
-1.449416104387896143e+00
-1.453371915861501584e+01
-1.279987712334528016e+00
2.696363775757482095e-01
1.695576415978750362e-01
2.628780801573344372e-01
2.861746600349646674e-01
2.365966442666085001e+01
3.023376529502815879e-01
9.173205312683243573e-01
1.371686577539051599e-01
2.595810035285761042e-01
2.116981349247378241e-01
3.229219560558215241e-01
-2.261953037349957008e+00
1.762611276500367363e-01
-6.574203672456830905e-01
1.253756278336561669e+00
1.911465435096370014e-01
-1.891738062587307256e+00
4.235233387393479987e-01
-1.637457915648622642e+00
-1.006812322390314263e+00
2.404952558610269908e-01
-2.187809047946129404e+00
3.255876253486278959e-01
-2.808900378321484759e+00
-3.867900427204101158e-03
4.686194267248727785e-01
9.819585605762284897e-02
1.982450807197414233e-01
1.545851829373198760e-01
7.146698309211997613e-02
1.360148609642801987e-01
7.757297627863536660e-02
-9.726025281804983047e-01
-1.726603754308264072e-01
-1.633104993394187687e+00
-2.452538943776937597e+00
-2.317288314370689606e-01
-2.308154083346700247e+00
-2.422104293100016736e+00
-3.500292208325297860e+00
-2.381840074704233423e+00
-1.773549314596873705e+00
-1.674784753943413307e+00
-2.260276730189246130e+00
-2.141530608174260220e+00
2.309078084761239172e-02
-2.528788815243382171e+00
-7.177589570307284284e+00
-1.452073939340301711e+00
-7.164450434822293268e+00
-1.024444601552593781e+01
-9.267387478519371058e+00
-1.335860548206415643e+01
-1.826881569218194334e+00
-6.507695124302809164e-02
-1.383640590069492404e+01
1.633320241481692192e-01
-7.419831875723767456e-02
-8.086119806679866073e+00
1.179530118839622888e-01
-1.514346656118346779e+01
2.098241794904827651e-01
-2.312029204328091225e+01
2.403967519741961878e-01
6.946225924773363758e-02
8.083414507461769705e-02
6.694677891965657157e-02
1.638587824387216507e-01
1.189028738644445499e-01
9.341514974917454472e-02
-2.189236479717484229e+01
1.029124196154284632e-01
-9.384976519646500037e+00
1.047325348344450846e-01
-1.204470288406997547e+01
-2.942621860385336192e-03
-1.348582645542361291e+01
-1.714992471430758225e-01
-2.820897038967767889e-01
6.652019659009643371e-02
3.790798471384185242e-01
3.138027615803958836e-01
1.415009899981267416e-01
-1.743691427686076878e+01
6.167474629156645405e-02
5.139222352951618861e-02
-1.915273462462897669e+01
-3.668013470058510705e+01
9.593519807201207616e-02
-1.443328858731457220e+00
-1.788759595015988069e+01
9.036086529042228199e-02
-6.862790469380624359e+01
3.696673194837833687e-02
-1.552847927017562597e+02
-4.175046825518206717e+00
-5.591107606318410461e+01
-6.713941976950306412e+01
1.026923602195372598e-01
