Number of epochs: 173001
-2.196153309839882883e+00
-2.141698087821511276e+00
1.870703040016650776e-01
1.717903264360668147e-01
-4.174022978029466868e-01
-1.561233259594447809e+01
-1.482997060474720907e+00
-6.351965816827566114e-01
-6.650966670605416908e+00
-3.518873001307277981e+00
-1.810579051064677980e+00
-1.144467688708989250e+01
-6.078871879784437660e+00
9.393274841918522466e-02
2.309423083852465197e+01
5.621506635260929002e-02
5.531270433314564722e-02
-6.588069997650563003e-01
1.786928947870239370e-01
1.072964937807110025e-01
1.056647550777793654e-01
-2.561214791440571958e-01
6.026010173739282383e-02
1.022171029812520698e-01
-6.517791831668744151e-02
5.742254322530622457e-02
-4.031788167200201639e-02
3.046761314680437177e-02
1.123697726995993434e-01
1.254529497954361694e-01
-4.323634908749872108e-01
1.059226244268037243e-01
1.826457053998588320e-01
-5.355069527297581233e-01
1.328752509069968668e-01
1.350517478940012894e-01
1.672394690890286612e-02
2.576876033616337658e-01
-1.808794725972187489e+00
-4.253526155308598455e-01
1.339790038759707536e-01
-2.052350571988441175e+00
-1.736125732038911462e-01
2.328142671127000074e-01
8.335926924224182355e-02
8.227276178044455601e-02
5.485412002752686478e-01
5.957103131765411064e-01
9.040668354997918876e-02
1.657011096655957305e-01
1.129776077619197294e-01
9.607232528904721680e-02
1.551973766794353671e-01
7.773105163968771492e-02
2.733028164328431542e-01
-3.641669178247312066e-01
6.496094232290110237e-02
2.928079720328639612e-01
-3.166929704249299871e+00
8.995091375804641076e-02
8.271184721951074792e-02
-1.225385047121278381e+00
1.493248501640156156e-01
7.093552216449129366e-01
-1.181913692063161436e+00
1.273202320677810639e-01
-5.495709710211420962e+00
-2.443491321885904011e+00
1.900096800622817383e+00
-6.981058838464599070e+00
5.852931910773868929e-02
6.463021455863622589e-02
-1.551806467312860649e+00
-3.423022241287713818e+00
7.246807307034548729e-02
-5.084855805688895947e-01
-1.570012210285518739e+00
-5.631549674577024156e+00
-1.555643036748444619e+00
-1.556449792550602451e+00
-5.151381447546514281e+00
-3.645004971164287344e+00
-5.160208503683349157e+00
-8.153105439673316579e-02
5.485079028405823870e-02
-4.620846380267299658e+00
-1.855314919389225992e+00
4.565769781877627304e-02
-5.060004929150436759e-01
-3.492613614146827250e-01
-1.418931352650747968e+01
-5.474098709358646175e+00
-7.577906895584074487e-03
-1.129229772503737550e+01
-1.686284778187989719e+00
-1.423421405207921930e+00
-1.517877228225866126e+01
-1.081877086214520389e+00
2.872203251147014136e-01
1.685313579648543281e-01
2.792403674504628786e-01
3.002499322398854420e-01
2.390646196305181093e+01
3.157238825377556291e-01
8.816625210016647562e-01
1.375756464372225318e-01
2.741797801649676347e-01
2.145265367111413857e-01
3.339087982702197421e-01
-2.170873160880939512e+00
1.547899675781034268e-01
-6.785539487307823414e-01
1.162969524152069889e+00
1.965916236197988165e-01
-2.020566188674584929e+00
4.312893712740829000e-01
-1.679040131415754367e+00
-9.970637865691925894e-01
2.453612445140462561e-01
-2.305782532537591578e+00
3.350946658705845072e-01
-2.643743741537127878e+00
8.972567992465286038e-03
4.734528793040272965e-01
1.010694222874697762e-01
2.010142873851140655e-01
1.533118520546522812e-01
7.304551696818510631e-02
1.404815029609677857e-01
7.582915856250121989e-02
-8.941543223131972473e-01
-2.596256335829125739e-01
-1.752977066066262912e+00
-2.526143962398235576e+00
-2.091579231458600141e-01
-1.967247441737910885e+00
-2.586751572528624088e+00
-3.672262154672282897e+00
-2.408711872415600030e+00
-1.858380035852624790e+00
-1.550165448834212922e+00
-2.338970521240820943e+00
-2.064566155186439378e+00
1.486212879557297258e-02
-2.547630407748219916e+00
-7.392309833247887596e+00
-1.490266806423350188e+00
-7.499704652933287363e+00
-9.935570618434805823e+00
-9.735191340681955907e+00
-1.414685019015046130e+01
-1.743522187538228074e+00
-6.630698201463845753e-02
-1.445719594927400742e+01
1.629625892116546293e-01
-7.208885073908211094e-02
-8.387163584127597105e+00
1.188961314039160416e-01
-1.351175569875394977e+01
2.176085269365380104e-01
-2.255087409039165891e+01
2.520293000239877124e-01
6.821384065792278351e-02
8.143029458268964682e-02
6.540946582535070442e-02
7.293418265868907568e-02
1.398448914928183962e-01
8.529605603505178990e-02
-2.138269142074701179e+01
1.052507299082918318e-01
-8.461544505033655739e+00
1.060019972015594641e-01
-1.112946025803030281e+01
2.367238640337176753e-03
-1.428553659029048006e+01
-1.343454756727838206e-01
-5.590328397000863259e-01
6.697711633604680470e-02
3.874437556202219302e-01
3.276652509776189492e-01
1.432825764409950409e-01
-1.860091260844399130e+01
5.726250361713006859e-02
5.307486248236776422e-02
-1.985668785564946148e+01
-3.424848453152132066e+01
9.656117026450770913e-02
-1.361593373884066649e+00
-1.794519865156290450e+01
9.023985107918648663e-02
-7.137731032448390067e+01
2.953800849690100747e-02
-1.211044058835956321e+02
-4.146798862081866766e+00
-6.028144130947075752e+01
-6.961844844945341038e+01
1.026185359321047791e-01
