Number of epochs: 480-01
-2.333902712102450483e+00
-1.382699651600777013e+00
1.918446205303241947e-01
2.371035080282064278e-01
-3.517491456624994295e-01
-1.790943956908290957e+01
-5.156503076458728296e-01
-8.663840654667610552e-01
-5.919678032571670023e+00
-3.897818220894088803e+00
-1.687473893144519899e+00
-1.853330307748090533e+01
-6.902136269300007676e+00
9.595430922982925437e-02
1.074868160527811867e+01
7.373566161066404112e-02
2.590429702562207018e-02
-5.388630149246104173e-01
1.761618429193002877e-01
9.089537944233282152e-02
9.644669003195061041e-02
-9.675022621223969277e-02
5.821522782833898207e-02
9.400071228338062468e-02
-7.065083783788803605e-03
5.273103794498182340e-02
6.236284770623497231e-03
1.351559711732247884e-02
1.097142506818552937e-01
1.268312887786770538e-01
-4.659878260787405635e-01
1.045701031084382698e-01
1.843774804280500501e-01
-3.158989060760659662e-01
1.177139862885847599e-01
1.431336678740293689e-01
-1.245132874066153250e-01
2.407537667243661306e-01
-1.728045809386285381e+00
-2.542016356302714275e-01
1.277213907579243801e-01
-1.567947563063136984e+00
-1.167134461837802256e-01
2.221760600148449949e-01
8.367686724952426436e-02
8.026820909157765527e-02
5.628431087091265717e-01
6.368994107704701868e-01
1.065539528951370968e-01
1.583531609962896547e-01
1.434796288606065284e-01
8.431067634663345911e-02
1.560042713007566417e-01
7.116447023085799295e-02
2.826522684886981218e-01
-3.216596809970252990e-01
-4.294293966667417362e-02
3.072935857140805527e-01
-2.648920302505666680e+00
1.053419222307093311e-01
8.515273254994397412e-02
-8.104117826986840800e-01
1.252443005782241103e-01
7.376966016461283804e-01
-1.016665110328398569e+00
1.421641006742236368e-01
-6.007627586747859461e+00
-2.511540272321911793e+00
1.745442207899258857e+00
-6.587857265252856642e+00
5.875689091679880960e-02
5.717774592592914790e-02
-1.418417033305077624e+00
-2.873826458707597453e+00
7.932335256236101861e-02
-5.395681728287536894e-01
-5.744590326060412533e-01
-4.045874607351956698e+00
-8.667616823283228467e-01
-1.932677127297734776e+00
-4.487572675418120660e+00
-5.568060841016674090e+00
-6.365252968373722453e+00
-9.912275036570691866e-02
5.557540808021749906e-02
-5.824016283624794177e+00
-1.622407549977157970e+00
4.467524630984626155e-02
-3.657833710252652581e-01
-1.167755303774317271e-01
-1.268972211036583708e+01
-3.201563727462986009e+00
-2.006128450268377522e-02
-8.196285066360371019e+00
-1.635700846307980072e+00
-1.297462805510872341e+00
-7.677882805059176974e+00
-2.574656734156190563e+00
3.682213204408117946e-01
1.617116030037356877e-01
2.919322916960396253e-01
3.506061295949533529e-01
1.873241103788421569e+01
3.641334352583542877e-01
9.817853996168262043e-01
1.339170833659436011e-01
2.606063342376581105e-01
2.070289312448211350e-01
4.012044377973261189e-01
-2.617639831899464919e+00
1.498914867516497051e-01
-2.114984110379307669e-01
1.297818997327892854e+00
2.137404991085651296e-01
-1.349461143298773980e+00
4.684722035592229217e-01
-1.970804020833346604e+00
-1.119371998441270666e+00
2.371466347291392163e-01
-2.027072125930441615e+00
3.783440387997649146e-01
-2.840684197792288312e+00
-4.875178788402712710e-02
4.919501349174628113e-01
1.778847485800363892e-01
1.906968133258746256e-01
1.649875137991458074e-01
7.188375210112309122e-02
1.317799235407348668e-01
7.370293508408262695e-02
-8.391589881946374119e-01
-5.721040935225807367e-01
-2.014010227611453097e+00
-1.471216684561799326e+00
-1.189236988263791123e-01
-1.768848803120123936e+00
-2.461665065176273703e+00
-3.384807798827181635e+00
-2.123030805123256481e+00
-2.611771660076572132e+00
-1.523287588144897731e+00
-2.673795810617487057e+00
-2.110539550745377912e+00
2.040805927569048356e-02
-2.502501585144460972e+00
-9.778565081553121985e+00
-1.201018711365654745e+00
-4.967182757101694435e+00
-9.426902037110533428e+00
-1.214350003161287894e+01
-2.077357535224803797e+01
-1.641162849128515067e+00
-2.979974878901817115e-02
-1.216871472945697086e+01
1.485154544848431568e-01
-3.276592749088598489e-02
-8.708969285715667752e+00
1.195070481362522780e-01
-1.530811611852573151e+01
2.465305500882374601e-01
-3.016856270906938420e+01
2.191872945869749179e-01
6.362940907550893033e-02
8.317626901538799356e-02
6.073518612336376715e-02
8.655701493614491315e-02
3.495149423537941002e-02
9.202541169921885089e-02
-1.942160023562271576e+01
1.153550124529345022e-01
-5.081299415898905991e+00
1.115016263150748199e-01
-1.161201310695662947e+01
3.966693015659976396e-02
-1.034445744449805993e+01
-1.568552968655262392e-01
-4.008731714348304220e-01
5.883574059236904713e-02
4.325752247213982549e-01
3.297961806822931052e-01
1.279772834589142372e-01
-1.720878053076743086e+01
5.511371744572352710e-02
5.360243585034314001e-02
-1.944790748591612228e+01
-1.967884665199325411e+01
8.622746854823021279e-02
-5.407179600105560535e-02
-1.922533170915399126e+01
7.706596146602744113e-02
-1.133193481609660438e+02
3.816238015827070479e-02
-1.194353061626235331e+02
-2.682959476583384628e+00
-4.432881992586785458e+01
-7.181579761573352982e+01
1.093996158116773976e-01
