Number of epochs: 362001
-2.338988671832085586e+00
-2.198745629019180470e+00
1.707186606941784035e-01
1.494489797247370577e-01
-5.241994577399904376e-01
-1.573226771045907313e+01
-1.628204085081590202e+00
-6.735682213486943182e-01
-9.195284603952320168e+00
-4.628254797307256752e+00
-1.809920468691765816e+00
-1.218594691814301889e+01
-5.098630258208557642e+00
8.943352985110669673e-02
2.176443504196216949e+01
5.537556782899005076e-02
4.042670863064208586e-02
-7.257099120411102389e-01
1.931875573480103803e-01
9.858506613311929234e-02
1.011220181759287379e-01
-2.891543433091957604e-01
8.473697858244519376e-02
1.056823583325025295e-01
-1.217548986509819076e-01
5.435886705766874993e-02
-1.007427749840550529e-01
2.847027552218940952e-02
1.143558493903234358e-01
1.233649163444029834e-01
-3.952787553701079259e-01
1.033814670861912255e-01
1.646151659123210320e-01
-4.165183976731676729e-01
1.207187947246479987e-01
1.321786792601974403e-01
-3.525001504285290438e-03
2.669400217916092499e-01
-2.260068062393980171e+00
-4.000849810355374125e-01
1.190127218565731060e-01
-2.256212656226655788e+00
-8.052928786394714100e-02
2.176731881899722776e-01
8.789417610437175177e-02
7.692454660454510484e-02
5.467114652922880902e-01
6.246298520715982683e-01
8.366336675195824857e-02
1.636072323123242966e-01
1.017702142717048508e-01
8.707129580228141486e-02
1.483359315429517711e-01
7.622528213652773887e-02
2.835459400907224259e-01
-1.764961917847449047e-01
9.010405873097591944e-02
2.804353833320264444e-01
-2.880875374117899401e+00
8.439204484179678445e-02
7.970303460738023538e-02
-1.449840699617798823e+00
1.361059157425263122e-01
7.173798797650857706e-01
-1.378351716356081891e+00
1.210140622568614405e-01
-5.723343915143003002e+00
-2.475984097553113106e+00
1.950439844852621230e+00
-6.946746109298805649e+00
6.853901717643404168e-02
6.160071710746711088e-02
-1.603498359487099734e+00
-3.414466015541412602e+00
6.966000735453754811e-02
-8.956871759423192803e-01
-1.589207723945409434e+00
-6.696063733116231376e+00
-1.545702535694785551e+00
-1.590174667752004556e+00
-4.634607528923120334e+00
-3.532549685464539735e+00
-6.471310929262490852e+00
3.997705960057873487e-01
1.315662914414471585e-01
-5.290474356507117726e+00
-1.717278900896063831e+00
4.756144411353262907e-02
-5.719478763466946392e-01
-4.418233557404298573e-01
-1.430739340337695786e+01
-4.516423941131629149e+00
4.005959399392305942e-02
-1.249506409435432985e+01
-2.472260124076447241e+00
-1.531374894457971481e+00
-1.609177034453463051e+01
-1.616122692967081109e+00
2.422844646229870003e-01
1.819432851109350768e-01
2.446344255315141825e-01
2.739033834677022661e-01
2.660736349553563329e+01
2.908529219649384490e-01
9.333707256141803299e-01
1.279297711845006069e-01
2.652255325307611433e-01
2.037265973153404575e-01
3.161936945523942111e-01
-2.096666248822637080e+00
1.563091686162923766e-01
-8.517405653969394308e-01
1.200386411319075197e+00
1.770680028607473366e-01
-1.834782265430867199e+00
4.290362754425794400e-01
-1.538503006355467218e+00
-1.242636760284036912e+00
2.341671529403815954e-01
-1.742202430428373194e+00
3.055099245171573608e-01
-2.489155371286128737e+00
-5.777869669881419146e-03
4.708307299993668704e-01
1.049077893540499018e-01
1.898550280717334060e-01
1.426684215826901914e-01
6.948486291744682131e-02
1.123433739020290451e-01
7.124399252226105983e-02
-1.039317110924852683e+00
-2.467937948741795728e-01
-1.643420344278852863e+00
-2.354199100557851754e+00
-1.387254142026776438e-01
-2.235477717094545014e+00
-2.486887881775314391e+00
-2.888261827999395237e+00
-2.415898302182430513e+00
-1.751830641357586593e+00
-1.727704600093530107e+00
-1.708455072864692559e+00
-1.907714773923664842e+00
8.515898366964697389e-03
-2.612470652835624740e+00
-8.106177735305072574e+00
-1.911176662617503963e+00
-6.468677351304197742e+00
-1.120115816051201740e+01
-9.176822290870024545e+00
-1.132604831568088777e+01
-1.840114015359793243e+00
-7.251843239243267736e-02
-1.403005380100108468e+01
1.577574022781647045e-01
-6.054719874961794063e-02
-7.351214637086306958e+00
1.124569283165547523e-01
-1.575845125345008491e+01
1.822165359952437058e-01
-2.556701920017954777e+01
2.241955471358622887e-01
5.847129506328229559e-02
9.372475535141085168e-02
2.365747770986526555e-01
1.117066692503605324e-01
8.891085200038041647e-02
9.398620874005347847e-02
-1.910312110785378081e+01
9.813835744501425706e-02
-1.023290192507354135e+01
9.785314996481721261e-02
-1.426200855964020242e+01
-9.955523810315752842e-03
-1.233287864572837655e+01
-2.143062953385510561e-01
-4.067119526081866554e-01
7.128796813672938493e-02
3.844305419603833984e-01
3.308005353295030981e-01
1.360347007960280574e-01
-1.884437827254687647e+01
5.693186563507973696e-02
4.471539894368659757e-02
-2.115562430585204368e+01
-3.548636270022290518e+01
8.713019496666117580e-02
-2.325564411915109986e+00
-1.677549658617094508e+01
8.257408691148654389e-02
-5.729603789184173479e+01
1.831637839819117916e-02
-1.899501680216221189e+02
-5.424014200700522537e+00
-6.006855345093430998e+01
-6.685536724636619965e+01
9.861800919411964350e-02
