Number of epochs: 108001
-1.898867655809259869e+00
-1.635805545064488387e+00
1.919715568634464964e-01
1.968010889543561348e-01
-4.251675308871386560e-01
-1.597747819628595956e+01
-1.294361866641595249e+00
-6.754241078750709004e-01
-5.212866613699679519e+00
-3.249358278407814993e+00
-1.463342417657089278e+00
-1.254972823545040050e+01
-6.817890897460065602e+00
9.518032651222402274e-02
1.867480468694846607e+01
6.739637178278255758e-02
7.086371403706516470e-02
-5.990567513021770596e-01
1.811168717312354182e-01
9.562545674646903693e-02
1.066744889414263930e-01
-2.164967725125915843e-01
5.897217851741080180e-02
1.076166887162685326e-01
-3.732684698459547146e-02
6.624783828366051508e-02
-9.584650138113735840e-03
2.038912956649001004e-02
1.045645476105618449e-01
1.262399885421917611e-01
-4.211417916530079131e-01
1.093201335912015182e-01
1.889375500105059114e-01
-5.293503856785861661e-01
1.170816295908425064e-01
1.394461705785934313e-01
6.420799238700485023e-02
2.594219448470846401e-01
-1.771493186076635196e+00
-3.298755746920820631e-01
1.222804324673480436e-01
-2.042838033904543327e+00
-1.605675371807957497e-01
2.321579533257685790e-01
8.806815010538829314e-02
8.231161128222976020e-02
5.473136877214492824e-01
6.161372000227243184e-01
1.044273707137778340e-01
1.695457625982569327e-01
1.139476917675169843e-01
1.043291426137097494e-01
1.619854566225235049e-01
8.207531876573352647e-02
2.954280336789553152e-01
-3.525729974979934789e-01
1.527095031473577752e-02
3.122484673612807016e-01
-3.422321397715339053e+00
9.628859709330370165e-02
8.800150607537535197e-02
-8.189024312210149148e-01
1.298187395905023578e-01
7.609851510777105865e-01
-8.786000384312164790e-01
1.346740034289635179e-01
-6.682645361736029521e+00
-2.412454969346117473e+00
1.832245345822355764e+00
-7.490169030663129668e+00
6.113276360859180164e-02
6.753309916483533903e-02
-1.569645784274005917e+00
-2.765962016363314735e+00
7.900876146260815691e-02
-5.354857102200185626e-01
-1.617775060155159705e+00
-5.543724589811122705e+00
-1.146818002475782583e+00
-1.885435188867956358e+00
-6.070645165368421914e+00
-3.862541417526168530e+00
-5.039612407858162335e+00
-4.743660020219366696e-02
5.869799385628825250e-02
-4.193146569630773257e+00
-1.794298972228649092e+00
4.449379060887087567e-02
-5.263168813752816533e-01
-4.233445451127055281e-01
-1.492566121614482277e+01
-6.549814264592494162e+00
-4.585073417040875371e-02
-1.079150149365310973e+01
-1.497837256628330671e+00
-1.509231356784951794e+00
-1.145984943173612791e+01
-9.617249728031748157e-01
3.232561839606978848e-01
1.693706300676136867e-01
3.076449793860276949e-01
3.250066499706393275e-01
2.047246907691284790e+01
3.283610671629778044e-01
9.743186468180365933e-01
1.416601861285314012e-01
2.762695244393483240e-01
2.164005728710672316e-01
3.477516185490712730e-01
-2.584323720908778377e+00
1.437442134689244089e-01
-3.723935507536632050e-01
1.271988914712491647e+00
2.093175376427248713e-01
-1.583142279628296789e+00
4.499615346143703842e-01
-2.121500536896607780e+00
-9.734320933595129732e-01
2.472510294131416431e-01
-2.538263734792782778e+00
3.540582909999331340e-01
-2.604889162027824945e+00
2.220039533088838390e-02
4.773760260450941595e-01
1.189547165886880725e-01
1.958691220924122234e-01
1.615528174894497460e-01
7.972326912500674045e-02
1.662803728838892214e-01
7.620407706092502398e-02
-9.810269485813361001e-01
-2.650634787717852103e-01
-1.932681161228989364e+00
-2.520715274683876572e+00
-1.601785523477205209e-01
-1.772069101147928594e+00
-2.527319363473961911e+00
-3.897801793945923965e+00
-1.685553745495864231e+00
-2.188471596778364336e+00
-1.449849714755114594e+00
-2.285457932586385521e+00
-2.160698967481082811e+00
1.634977790564089151e-02
-2.768035583861527815e+00
-9.604299625994622502e+00
-1.639738814828973990e+00
-6.654238372456236839e+00
-1.131973422344664471e+01
-1.110179271987384020e+01
-1.828161918420437715e+01
-1.914835077198453250e+00
-1.194081188073051365e-02
-1.534049434913462306e+01
1.655257454442556342e-01
-8.395614549509174129e-02
-8.947929628944706337e+00
1.160296967625314563e-01
-1.469857245055002259e+01
2.266454874130049146e-01
-2.485708960582765314e+01
2.369401831664096902e-01
6.617807222733264327e-02
8.861427820242330500e-02
6.461344946837363490e-02
7.758793574896279133e-02
5.571458351304050399e-02
8.547599242595452229e-02
-1.893518474203629509e+01
1.067426198262407394e-01
-6.431857091732116061e+00
1.086514701760854101e-01
-1.148997342890150186e+01
1.799043122126476463e-02
-1.593068646296637070e+01
-1.386539554888661929e-01
-4.706082299737283647e-01
6.844513900769505499e-02
4.037690777453722957e-01
3.383142319989641544e-01
1.280201705612082907e-01
-1.758692426991065716e+01
5.809095970701916994e-02
5.502617367679390331e-02
-1.825035801450404449e+01
-3.174619229842971890e+01
8.604559630360816835e-02
-8.452929699300347766e-01
-2.118217111474480063e+01
7.899016183989057693e-02
-8.411485043639558512e+01
3.607499778978202898e-02
-1.052536281245595831e+02
-4.544716336209284613e+00
-5.571411664074345538e+01
-8.076212940579934241e+01
1.096094664167405613e-01
