Number of epochs: 40e-01
-1.398477323366823732e+00
-1.876311604091320362e+00
1.826414023043717028e-01
1.387279303822815668e-01
2.944970624526632719e-02
-8.112447734210739725e+00
-3.268719992147162134e-01
3.295715337510163323e-02
-2.566910607557756130e+00
-2.799643322979044946e+00
-3.619748976558647691e-01
-1.698280965885910376e+01
-2.642041388997100171e+00
1.022411024226739795e-01
3.447201960236451868e+00
-6.067761307071106724e-02
-2.972177739260423168e-03
4.726099742092908923e-02
1.553727110159935088e-01
9.232611027140251447e-02
1.208844599527148511e-01
5.877629468284204656e-02
6.773741173224136214e-02
9.132256052711779093e-02
5.308944967648621116e-02
8.970328961075210716e-02
6.738109055236700395e-02
2.847510599775833484e-02
1.660283805356753406e-01
1.139773794075351204e-01
3.669425288255645512e-02
1.293445266488975620e-01
1.079645629679333585e-01
-9.279344978463902605e-01
1.479942049337235055e-01
1.087051880880499782e-01
-9.258615412090190344e-02
1.958930495203927702e-01
-1.756642220438987767e+00
-1.308035425488017212e-01
1.473718981318569710e-01
-1.164174353702982501e-01
-1.109267293829871784e-02
1.880893705002653071e-01
9.181745570777360976e-02
9.187067159694195517e-02
2.929011948556876632e-01
2.670448598798396134e-01
-3.568695840935234148e-02
1.400035643838427324e-01
8.860653313695196487e-02
8.746004799853077105e-02
1.724350816576450396e-01
6.726205322856215751e-02
2.075123915223298920e-01
-1.900911629149310000e-01
-2.748796203671792782e-01
1.712307782383631349e-01
-2.754682293634338031e+00
1.625292420769252066e-01
1.284012407077281537e-01
-1.078851513346454905e+00
1.015423702698727282e-01
3.506043195137076296e-01
-3.849406775658955615e-01
1.632513810264646925e-01
-8.453161664231167549e+00
-4.520511455892121333e+00
7.517988034894316218e-01
-8.444298047129970897e+00
8.422577476342245351e-02
5.816558161743871219e-02
-1.339315298008765698e+00
-1.021060597720182095e+00
1.557884666695285025e-01
-5.343351278016328365e-02
-2.490312930567586958e-01
-1.544028267355398665e+00
-5.117499573684703984e-01
-5.265365788728155749e-01
-7.345572373319543935e+00
-2.427094450639092571e+00
-4.680761741414116273e+00
4.045582507193578453e-02
9.633375292862932093e-02
-4.950403549415351989e+00
-1.989349658282701938e-01
7.509088818882066196e-02
-8.057678784491646429e-01
4.817721340326842905e-02
-4.636940417911553425e+00
-1.189460351943077754e+00
5.702780271884833052e-02
-8.949963496319012890e+00
-1.047633325283256145e+00
-2.819065922484605968e-01
-9.313930165710612386e+00
-6.485809284004062647e-01
3.807631975487932863e-01
1.631285721096354391e-01
2.047613616492577893e-01
3.574777137440468544e-01
2.681874753845592707e+00
4.465154116696968267e-01
4.371526670957602834e-01
1.460787453214734133e-01
2.022145583388557932e-01
1.744496490908530317e-01
2.026445507751495068e-01
-1.809791653797415023e+00
1.819483682065154428e-01
-2.658539850200843102e-02
5.428200282409277877e-01
2.513594433139390016e-01
-6.457126381161677475e-01
2.520026228044118244e-01
-7.039582405666321430e-01
-6.401309402712466179e-01
1.912370150711830419e-01
-2.690450853123482755e+00
2.825129361079491419e-01
-3.107599792717564702e-01
1.685412439094360892e-02
2.853005781660447604e-01
-1.432519422720157642e-02
1.760109930383741139e-01
1.856594328862582188e-01
4.227735487826464467e-02
1.209869398926651518e-01
8.951672618571546169e-02
-3.247398146405700570e-01
-4.552085897493965416e-01
-2.207684637776452519e-01
-1.130462757446199618e+00
-1.856603163908646381e-01
-3.728458551634803442e-01
-1.384057613566405109e-01
-1.720653154371504456e+00
-9.380329032693960345e-01
-3.032958066472097869e-01
-5.642398064937745872e-01
-3.209144889917161958e+00
-1.520576878707924351e+00
9.212907908337393537e-02
-5.425007559900137721e+00
-6.382201768766427641e+00
-5.394234296439837095e-01
-1.999317605651516505e+00
-4.185181886627534453e+01
-6.016036832608598672e+00
-6.727394315303621752e+00
-1.572125000689264862e+00
2.633123951969902621e-02
-1.970034319841800041e+01
1.409782720388932653e-01
5.562575729425381366e-02
-5.647054679000306443e+00
1.018216644279957006e-01
-1.469125317184900759e+01
2.606556908638937853e-01
-2.575067555053199442e+01
1.128974366763909748e-01
4.739397089839756522e-02
9.820914853782385101e-02
8.379867295558449114e-02
3.527503790264837485e-02
-3.487175588261182124e-02
9.653339651521251896e-02
-7.476345284078282916e+00
1.408879361506110983e-01
-1.021459677253723441e+01
1.500889468835215623e-01
-6.412432256738265224e+00
5.852004217277770315e-02
-2.374324929882235580e+01
5.042286381886468272e-02
3.644875165217342089e-02
9.125064601693087807e-02
3.614539924865063369e-01
2.352366380976517735e-01
1.205960368653497816e-01
-8.812803687873737246e+00
8.443778697989556825e-02
4.606705694813145735e-02
-6.102230921968833144e+01
-1.358615030059364592e+01
1.362990485626260906e-01
-7.732482212643634334e-01
-7.829320979804363034e+00
9.734968562166358697e-02
-1.883081855541034599e+01
4.921383201318051820e-02
-4.995383389309844802e+01
-8.070435997066904843e-01
-2.076182846265432147e+01
-5.745015589525064570e+01
1.733594803356298397e-01
