Number of epochs: 391001
-2.244276603976141704e+00
-2.189665026643633272e+00
1.706788971705505142e-01
1.466316932502826076e-01
-5.574715026654467609e-01
-1.656595764750152000e+01
-1.591816217677969325e+00
-6.384788464876736125e-01
-9.242030640902372696e+00
-5.181130109723166122e+00
-1.790114081782238520e+00
-1.241642856120079230e+01
-5.029731977850553371e+00
8.895529907050486740e-02
2.270298650283576336e+01
5.423764687440216919e-02
4.108439302882219840e-02
-7.288868488762386688e-01
1.938635518783287381e-01
9.891839185141877711e-02
1.111234541853372837e-01
-2.878048441480711150e-01
8.250139066319546466e-02
1.047272561692867282e-01
-1.299563389382195067e-01
5.427709155609290043e-02
-9.491971517986227957e-02
3.070084090483543582e-02
1.136330339313494225e-01
1.236262217544822073e-01
-3.685417194747122038e-01
1.024784576379308976e-01
1.644251544415493982e-01
-4.400462990540919828e-01
1.200084129065851213e-01
1.315274539695185652e-01
-5.014202614003442429e-03
2.653875880930919862e-01
-2.243552065131789952e+00
-3.959664403108405506e-01
1.180690012051904547e-01
-2.206490986037413560e+00
-7.740809865995876282e-02
2.214327012856652233e-01
8.829770549741716712e-02
7.965812187510223907e-02
5.501517702091209827e-01
6.359569267225049227e-01
8.213724245435560789e-02
1.646041518181710350e-01
1.210314504196839391e-01
8.833623453263998726e-02
1.482001209060836433e-01
7.748669154554781169e-02
2.861987888459762708e-01
-1.975633357033955984e-01
8.933439732817763379e-02
2.820536359816130378e-01
-2.861225454872470042e+00
8.387323713017988402e-02
7.910250121932879686e-02
-1.509480272299011938e+00
1.379373236240601375e-01
7.402161221053910056e-01
-1.313503188033151137e+00
1.211081715865335862e-01
-5.939705681230120327e+00
-2.467294393632282645e+00
2.049771541310429601e+00
-6.657530384936315215e+00
6.855792270081649542e-02
6.043820065670611752e-02
-1.610058114028787069e+00
-3.378123020934755250e+00
6.808155692970159489e-02
-8.923774669327906306e-01
-1.549585953685243433e+00
-6.402197972848624907e+00
-1.527404021132642953e+00
-1.579294418825164525e+00
-4.502846521991200390e+00
-3.436837990511275365e+00
-6.619362770530234030e+00
2.329255933955425018e-01
1.216887288446559939e-01
-5.084534272965345103e+00
-1.739329776375972081e+00
4.630201895937881285e-02
-5.550128045752938943e-01
-4.261379078309307511e-01
-1.423087866226838827e+01
-4.423414748958136578e+00
3.381381139193958413e-02
-1.238747680642100235e+01
-2.371168232292208966e+00
-1.491878376835069187e+00
-1.571588028417353300e+01
-1.536056947270150186e+00
2.374030034380799903e-01
1.829593167620200411e-01
2.404397345765789951e-01
2.723589066762616695e-01
2.613957139242522132e+01
2.906388273931518884e-01
9.611074753779705881e-01
1.274778363462371611e-01
2.639886239467643114e-01
2.042811500142048542e-01
3.168401615627349233e-01
-2.063412146275027670e+00
1.557750268179071418e-01
-8.310227089978743376e-01
1.236587856840950073e+00
1.764426150909251534e-01
-1.814056642795178753e+00
4.320910262498380838e-01
-1.646151725118086384e+00
-1.357570400242021025e+00
2.359794360367487021e-01
-1.826360636317033936e+00
3.037759962788917356e-01
-2.597887518170711285e+00
-9.866060745268937990e-03
4.757402109524552225e-01
1.063949715386064421e-01
1.900306953585538250e-01
1.426499809240520944e-01
6.815869993104835267e-02
1.127168807788772875e-01
7.021238438660050429e-02
-1.011099073764727629e+00
-2.407945658830219215e-01
-1.709393151375595554e+00
-2.294617536605895403e+00
-1.684665043425326580e-01
-2.391565751029570031e+00
-2.413419008744959626e+00
-2.805144224730984792e+00
-2.436263442096774146e+00
-1.743780740047084166e+00
-1.799315308985739437e+00
-1.672760677969412857e+00
-1.904458294804372676e+00
7.202086196157212773e-03
-2.742659245399163392e+00
-8.294965071487311548e+00
-1.917170278822472040e+00
-7.053847084395592049e+00
-1.094846026669616812e+01
-8.905359903599473270e+00
-1.124701649413177229e+01
-1.818661370125796761e+00
-5.589778621346454951e-02
-1.575345229834614891e+01
1.577645384237281179e-01
-3.844518171017226316e-02
-7.387841962981724464e+00
1.124142788043452634e-01
-1.584848203932573263e+01
1.811752045536880740e-01
-2.763892132636471644e+01
2.250563295323105006e-01
5.751330717327579611e-02
9.206936129744523745e-02
2.315326886002827544e-01
1.091864912836245788e-01
8.372040559724330810e-02
9.356505956575587868e-02
-1.862763582605647628e+01
9.734183434543786095e-02
-1.016613030192097433e+01
9.751663566285764806e-02
-1.469807664123821667e+01
-1.703182939951435049e-02
-1.247998940226672460e+01
-2.108815155336208891e-01
-4.108848256686224998e-01
6.926194422331211076e-02
3.867092117298130960e-01
3.365888646756318714e-01
1.353219105721107651e-01
-1.862806498778522979e+01
5.722085587477156871e-02
9.987438055674213722e-02
-2.201207629454232162e+01
-3.452483555848990449e+01
8.592143893609378857e-02
-2.293292714531336873e+00
-1.616286362592419223e+01
9.013715336418264001e-02
-5.577926983068519462e+01
1.895082350187292722e-02
-1.890523004551628787e+02
-5.565457048189202283e+00
-6.556846543448490650e+01
-6.966853006305952078e+01
9.771093080445961143e-02
