Number of epochs: 411001
-2.331088784925464452e+00
-2.154707100710127499e+00
1.683823910753426689e-01
1.433535674757700773e-01
-6.103220257448492836e-01
-1.656751034088868479e+01
-1.567228299962431404e+00
-7.128523618457839328e-01
-9.597500610217499784e+00
-5.126514348199488147e+00
-1.784430060070942847e+00
-1.280503612905998700e+01
-5.340707327819250061e+00
8.797505438408376177e-02
2.263305029614609154e+01
5.500790725281725496e-02
3.980240680362390898e-02
-7.101758527491511819e-01
1.926154571171693197e-01
9.842329289639660528e-02
1.095281507693183082e-01
-2.856156846183507958e-01
7.974914855635265032e-02
1.030307121020921923e-01
-1.289228324995337072e-01
5.462470153659616801e-02
-9.719990872485084754e-02
2.825740615140338516e-02
1.121137161664557957e-01
1.223480052058732725e-01
-3.855614776597688920e-01
1.012304264767184270e-01
1.625989671523053459e-01
-4.315539795264796141e-01
1.179008056679795996e-01
1.299137162666272882e-01
-5.662093213741606866e-03
2.636938616345924635e-01
-2.262537730872074881e+00
-3.883657777538566669e-01
1.172176684310177602e-01
-2.195904374791685765e+00
-9.697858540564384400e-02
2.196948040418003067e-01
8.703188585141374833e-02
7.896718690476010882e-02
5.528715631285957555e-01
6.438530109100510934e-01
8.111578498872216991e-02
1.634905738006273701e-01
1.180830812571486560e-01
8.768845048715251389e-02
1.469101596551359579e-01
7.725780031596909958e-02
2.882530404659871537e-01
-1.850907058112347403e-01
8.764961571010319863e-02
2.822243540276254681e-01
-2.820012548280702358e+00
8.310077878042874955e-02
7.871251602976803152e-02
-1.558373717700065608e+00
1.364287711890151966e-01
7.551111211953848157e-01
-1.290492826747308586e+00
1.199106266761083839e-01
-6.019256552238983815e+00
-2.474287186440286224e+00
2.113558144042115838e+00
-6.511220752150968849e+00
6.812041139972024872e-02
5.910377254446745610e-02
-1.590980365093074500e+00
-3.267801744896863259e+00
6.672614171400319261e-02
-8.605769297501709714e-01
-1.534142669260215364e+00
-6.202186051259115374e+00
-1.589688227752512395e+00
-1.548194126305266982e+00
-4.532065532416852172e+00
-3.489314778679114770e+00
-6.560253003121215620e+00
1.575957476987860650e-01
1.133654607303279521e-01
-5.531232798460233191e+00
-1.701367575406327548e+00
4.664052052999751591e-02
-5.363547780776579676e-01
-4.217874428619710070e-01
-1.394070787720817606e+01
-4.626789279481278605e+00
1.842768689612130084e-02
-1.229827141333253415e+01
-2.391370281966531230e+00
-1.482422271337309194e+00
-1.532093002492678302e+01
-1.575253574548429070e+00
2.351718360996305768e-01
1.813721093631716907e-01
2.390465660005841320e-01
2.717586641105467216e-01
2.639049802993056204e+01
2.907975223148420718e-01
9.806447337377945939e-01
1.254132996243585152e-01
2.633971090709926188e-01
2.037790197057288977e-01
3.178351577716087561e-01
-2.012072781462266757e+00
1.538119310303217024e-01
-8.753977290143489798e-01
1.276525419994249733e+00
1.740496789293712598e-01
-1.818177038796347622e+00
4.316828531416720405e-01
-1.619921922365803457e+00
-1.307442089508391803e+00
2.343341494661123070e-01
-2.106478479724794184e+00
3.063091075613121883e-01
-2.596466178977101080e+00
-1.321695549022601675e-02
4.771268513135644707e-01
1.045944236782473391e-01
1.881968884169696876e-01
1.415527777581613023e-01
6.726422061487005721e-02
1.117786758006238668e-01
6.877746964520881079e-02
-9.849668697646954962e-01
-2.488807751069662400e-01
-1.673527989650330117e+00
-2.352170348916131637e+00
-1.700159954685364072e-01
-2.280472579924874843e+00
-2.468862985347922478e+00
-2.731656147770860521e+00
-2.407882616814602361e+00
-1.737979333154773487e+00
-1.791686451317979101e+00
-1.688824938516756191e+00
-1.869293202035712254e+00
8.242031410776810493e-03
-2.663146136784569684e+00
-7.955554986296293762e+00
-1.960719143507852147e+00
-6.952519652792435778e+00
-1.073978379133924221e+01
-8.841420283201173902e+00
-1.141092818569141620e+01
-1.794782981952455225e+00
-5.145704621932207373e-02
-1.523548010688492838e+01
1.843876579199121568e-01
-4.513453635771017686e-02
-7.621682970559719550e+00
1.110492131433733626e-01
-1.575541977441738517e+01
1.779456722824338255e-01
-2.742148093528979658e+01
2.227230646248035684e-01
5.618761768431358716e-02
9.018012723240657891e-02
2.199653493351410583e-01
1.063636649811140061e-01
8.067060611884467602e-02
9.238220395379560801e-02
-1.820396601994143637e+01
9.591204372957246038e-02
-1.063736072570492652e+01
9.652525049018642611e-02
-1.475733980680873714e+01
-1.738320130334777142e-02
-1.264161993502429304e+01
-1.988068507048848799e-01
-4.349211265241192947e-01
6.800749042687211088e-02
3.900176448615939595e-01
3.393171325816102257e-01
1.329532407768505287e-01
-1.833692650277806990e+01
5.661317359484241418e-02
9.517124818951129550e-02
-2.182733909582099230e+01
-3.428036105705893988e+01
8.698582973317867117e-02
-2.306075230793275921e+00
-1.594935280015896062e+01
8.828533281224373863e-02
-5.568203150051402872e+01
1.789864742699563693e-02
-1.979695900193408136e+02
-5.411062922063881508e+00
-6.524697344057346982e+01
-6.936642735966010775e+01
9.897480157998955752e-02
