Number of epochs: 275001
-2.050416036682547904e+00
-1.890829914414770219e+00
1.771408294127927441e-01
1.645511441060135971e-01
-4.409893659694571477e-01
-1.658022603988953492e+01
-1.599684386702248107e+00
-6.851676296461173266e-01
-6.859508566359314052e+00
-4.028782211513759037e+00
-1.853196645808851795e+00
-1.315589432030497363e+01
-5.536961198685991903e+00
8.961631219680064875e-02
2.174467498052072401e+01
6.432406106840303506e-02
4.448901619765487786e-02
-6.674578587713362321e-01
1.968440636362770724e-01
1.005313558561679727e-01
1.016038784018064994e-01
-3.275775298863881080e-01
6.051258758624578071e-02
1.114101766632899226e-01
-1.063023595529671017e-01
5.287400609849134125e-02
-8.065483195896776258e-02
3.151399501651465374e-02
1.214418717015194327e-01
1.231751287550135049e-01
-3.981250044419138434e-01
1.056909669667548679e-01
1.711584819505355681e-01
-4.090377580262425927e-01
1.239929948144822131e-01
1.317682399853185582e-01
3.892711258311693304e-03
2.431692348684405536e-01
-1.998238874132017395e+00
-3.933790038132366496e-01
1.234088564207321964e-01
-2.316449638320372539e+00
-3.679020428103674939e-02
2.225442990914373309e-01
8.633058092078156609e-02
7.873184510290980043e-02
5.453819985838165296e-01
6.030376729703483818e-01
8.125160674519943393e-02
1.669927002913083602e-01
1.053747602709482339e-01
8.862672480478941961e-02
1.508801313372044872e-01
7.667980329914185489e-02
2.599216551384310736e-01
-3.509910783232461085e-01
8.760719993801940886e-02
2.840444133892127132e-01
-2.951854633728367094e+00
8.681187476359929212e-02
8.035158056406443983e-02
-1.487943853157553065e+00
1.402422770259574014e-01
6.842683451752008539e-01
-1.237582747605048716e+00
1.217531843023420268e-01
-5.627443625979306141e+00
-2.349148036607570322e+00
1.951252837220148750e+00
-6.894227082671657847e+00
6.064770480297689698e-02
6.530120854572447897e-02
-1.549387705748496380e+00
-3.431645298888343021e+00
7.153993403647646021e-02
-5.929933131997342510e-01
-1.778390356937325389e+00
-6.595578479124879046e+00
-1.580113368139835606e+00
-1.527812570205360876e+00
-4.666608367687705261e+00
-3.503218083877338351e+00
-5.949066623480513627e+00
-8.267783935223853298e-02
2.150932934005716779e-01
-4.662682284984827064e+00
-1.654564558605245983e+00
4.854005682230524976e-02
-5.935678994936559594e-01
-3.859705858039120807e-01
-1.411038602814172194e+01
-4.806595841541335901e+00
-8.618874166654214020e-02
-1.170523830144339961e+01
-2.584264550022339790e+00
-1.427739873953464800e+00
-1.485415438773688734e+01
-1.372237638642073154e+00
2.611955859097966903e-01
1.743361414249802732e-01
2.609102850456143097e-01
2.838940261623548733e-01
2.673047046601574195e+01
3.011408164624609363e-01
8.752594619707921852e-01
1.317786326906542349e-01
2.705308908626129494e-01
2.083738333728999415e-01
3.191112829331874678e-01
-2.251744718726671479e+00
1.639108180748116150e-01
-7.415463359536769161e-01
1.168122455250252711e+00
1.783277051799219692e-01
-1.840357689213239389e+00
4.247263624897535395e-01
-1.576167757206224929e+00
-1.113952577353588991e+00
2.378399808964644091e-01
-2.224529894646233075e+00
3.156866134058672335e-01
-2.744513133191866405e+00
4.852340298815545350e-03
4.717799024777054595e-01
1.124304055894347065e-01
1.945350362853674742e-01
1.470271336206760704e-01
7.163874799701581975e-02
1.203490589417827994e-01
7.484580464256246346e-02
-1.176503388380387261e+00
-2.324975856021799792e-01
-1.720289122944568927e+00
-2.265901343959224601e+00
-1.234190122529092437e-01
-2.036845830526398338e+00
-2.276989650116158170e+00
-2.951088650432180494e+00
-2.606462169022792263e+00
-1.617737346185969871e+00
-1.760315970022557686e+00
-1.692940681739502295e+00
-1.952616955349652850e+00
1.309041590072180204e-02
-2.305326717729221819e+00
-8.046296978259260158e+00
-1.604846829398258734e+00
-6.783488567104246414e+00
-1.153624304247220600e+01
-8.272686387777891781e+00
-1.173766412552159366e+01
-1.925790492901248596e+00
-6.136628134301135018e-02
-1.506173016615722915e+01
1.587998985101579941e-01
-4.929368389714246235e-02
-7.675478471388792023e+00
1.128517225783231687e-01
-1.623339865879234978e+01
1.969935777228292995e-01
-2.359807205594366764e+01
2.316268395137802416e-01
6.516853575180409086e-02
7.736921446144535974e-02
2.975386769223452021e-01
1.288950961754114222e-01
8.027626379013480529e-02
9.441566185407328227e-02
-2.010419068762199046e+01
9.599501693363032828e-02
-9.390207325577671682e+00
1.000710061241108367e-01
-1.305600033594463660e+01
-9.654463734688721599e-04
-1.198383816072560570e+01
-2.301819585794465939e-01
-3.345559357054144756e-01
6.405247640732081305e-02
3.798536804177946591e-01
3.233146704563975016e-01
1.405182733578062004e-01
-1.802952859676914343e+01
5.907713030772804297e-02
4.594580992103083905e-02
-2.080970894438420515e+01
-3.638783376771066003e+01
8.964806784266074469e-02
-1.925390903871018855e+00
-1.763074577418144884e+01
8.488997125570964253e-02
-5.925633868216102229e+01
2.938635781306340664e-02
-1.545013831773691209e+02
-5.385047889550012457e+00
-5.310038469336119249e+01
-7.010114154937062381e+01
1.021468494312822856e-01
