Number of epochs: 800-01
-1.972025776553044674e+00
-1.367344900854287282e+00
1.938468194554344437e-01
2.047643143743914651e-01
-4.813603350434763062e-01
-1.497399606645438830e+01
-9.481410825125141661e-01
-6.831390980820490899e-01
-5.596154193214217365e+00
-3.102094866820591434e+00
-1.542346516128145995e+00
-1.489245337959178173e+01
-6.232659422276255690e+00
9.882689430081807724e-02
1.473807008810053354e+01
7.722999096005729591e-02
9.250424973702299491e-02
-6.289122895011314274e-01
1.770386617311289768e-01
9.527038082320789247e-02
1.061253840409810689e-01
-1.655151097650846004e-01
6.345437376925912309e-02
1.105387577604315247e-01
-2.982688889664306814e-02
6.224703586895194429e-02
-5.362978216830865778e-03
2.553362654268143822e-02
1.077321987776066747e-01
1.263842622795283976e-01
-4.986601659688909005e-01
1.110782898383878003e-01
1.807832546931776030e-01
-5.156899927476789047e-01
1.175516850963713306e-01
1.412259385326593009e-01
-8.508733660121862996e-02
2.508972682312358704e-01
-1.784023769035123275e+00
-5.110222486321717161e-01
1.254455048409831575e-01
-1.849352330102587594e+00
-1.511527410038499830e-01
2.233971968179968570e-01
8.998859823590868445e-02
8.375476595332551066e-02
5.630691292800766856e-01
6.384830394132514630e-01
1.133617598658870074e-01
1.651037833333449389e-01
1.198350046077058528e-01
1.121455235484709739e-01
1.577981464917249665e-01
8.133585240572770159e-02
2.810794766143560053e-01
-4.117921084028905443e-01
-1.309586395585511653e-02
3.038417307156533465e-01
-3.029043980281707071e+00
9.910586577679257603e-02
8.677714937108803317e-02
-9.824014061194085157e-01
1.304102249780660916e-01
7.733403064862995890e-01
-9.117938506978983115e-01
1.372880668109158764e-01
-6.845728005092032831e+00
-2.405222378746765699e+00
1.724189838998304802e+00
-6.416735527109699078e+00
6.054407344311790728e-02
7.316869829535961600e-02
-1.372430751830320261e+00
-2.709932011891905024e+00
8.125391268955001189e-02
-6.653483159334377950e-01
-9.564442409967648384e-01
-4.719262878707032094e+00
-1.271899538560545384e+00
-1.782063843197453368e+00
-6.289813164999018547e+00
-4.461561937610758477e+00
-5.249096696144633256e+00
-6.108786768815403084e-02
6.049078473726571259e-02
-4.379474713581245737e+00
-1.683025267071043718e+00
4.236629305242559790e-02
-5.651570202803284371e-01
-3.422487882097431933e-01
-1.280182000349688565e+01
-6.696815220168145899e+00
-4.504808410198495039e-02
-1.143798079937980638e+01
-1.614650286366156928e+00
-1.699570269800775524e+00
-1.075084909901816665e+01
-2.343552310424119156e+00
3.393184526353932862e-01
1.662977517281341300e-01
2.923112094188602961e-01
3.428821502594073811e-01
1.957500488119774573e+01
3.397198192131422045e-01
9.709235676739420562e-01
1.432777231924240446e-01
2.605230981593578687e-01
2.108021043741457601e-01
3.582736168258338627e-01
-2.356999882562782922e+00
1.460946570926289489e-01
-4.241806214893897864e-01
1.266565093394200980e+00
2.124128211872726157e-01
-1.637595770403878381e+00
4.482239505714570305e-01
-1.901688592278167222e+00
-1.047258254004617140e+00
2.392877225799854568e-01
-2.183466170649538185e+00
3.665642882327219687e-01
-2.773317121664971463e+00
2.163364582117519030e-02
4.917165664058323893e-01
1.303459127381963456e-01
1.925497795711024196e-01
1.634718637662475327e-01
8.142410330028276855e-02
1.229891921985806769e-01
7.662643791730089360e-02
-9.602492347969150410e-01
-4.961408841112748824e-01
-2.198018303445354427e+00
-2.328817335315268355e+00
-3.546339398033820922e-02
-1.674095008616977909e+00
-2.502755692232665918e+00
-4.127662099394173723e+00
-1.734660551808632656e+00
-2.190309114382664291e+00
-1.244188756401677587e+00
-2.447464895151085784e+00
-2.058017782178671595e+00
1.996803784794170047e-02
-3.151730113249399778e+00
-9.241749584279482121e+00
-1.523240652044645094e+00
-7.144293711867119256e+00
-1.218771588861335609e+01
-1.109247743491417637e+01
-1.707378078197891824e+01
-1.600004049271779749e+00
-4.033367765755876272e-02
-1.555670084166870737e+01
1.518318358385770117e-01
-7.824742049929177268e-02
-9.982901437277929446e+00
1.177332300799654313e-01
-1.570690338467790603e+01
2.232375389380149844e-01
-2.807958324911664505e+01
2.301985621514345548e-01
7.050056912091556827e-02
8.776464470114035687e-02
6.574724539495156728e-02
8.417723843200555778e-02
4.959098767907006711e-02
9.167884008647732286e-02
-1.952759348897577496e+01
1.120740908627698706e-01
-6.231799802975963587e+00
1.096223000945214937e-01
-1.087221268606374203e+01
2.051793975898435346e-02
-1.283415013035246410e+01
-1.559563807147872627e-01
-3.995829280943716255e-01
6.633650709509245069e-02
4.091033595776943366e-01
3.317557551954694040e-01
1.334514709306308666e-01
-1.723084985536783265e+01
5.852993350718966453e-02
5.479988012706769190e-02
-1.728048041557380898e+01
-2.694711789700608406e+01
8.355151852485952213e-02
-5.946340661663711558e-01
-1.860059060783778051e+01
8.021213672351375223e-02
-8.428625338965490243e+01
4.385480594952301941e-02
-1.105168444358985909e+02
-3.289810839455660663e+00
-5.761839904769557563e+01
-7.987388734728713757e+01
1.114030746179058284e-01
