Number of epochs: 121001
-1.811321049699401220e+00
-1.924642048784205084e+00
1.914220616415860110e-01
1.930320350776904559e-01
-4.107721126932560862e-01
-1.571605529497437104e+01
-1.263421864075070955e+00
-6.350410391752023820e-01
-5.088106089112863550e+00
-3.249901428615099341e+00
-1.498396267205759358e+00
-1.220862781398052554e+01
-6.677348114668405721e+00
9.331049923698439552e-02
1.935945887471180527e+01
6.376404886709247100e-02
6.418635056427561547e-02
-6.628718953757356536e-01
1.805628174657510909e-01
1.065541056554901167e-01
1.109482705276268050e-01
-2.288764559083509564e-01
6.277946281813731599e-02
1.062474032596170542e-01
-3.413820021227951390e-02
6.310295303554885882e-02
-1.154702312276971801e-02
2.382447476276564405e-02
1.042426223107471017e-01
1.261183648183912542e-01
-4.254743740776525951e-01
1.081665865631891155e-01
1.892410769610239629e-01
-5.471345712432809094e-01
1.391928590396730725e-01
1.375429108649230958e-01
5.341079561057527486e-02
2.613429921871970318e-01
-1.906541962606614016e+00
-4.798932893458439652e-01
1.191942103683811954e-01
-1.976704134865439944e+00
-1.853596113448894855e-01
2.351134187173271051e-01
8.595077036339551779e-02
7.891246075822272443e-02
5.460718309299265050e-01
6.040396740623314997e-01
1.001551067106101478e-01
1.686482727307003215e-01
1.161735339202927819e-01
1.039383231233270144e-01
1.606366096005273358e-01
7.978838120882188190e-02
2.968560554445023869e-01
-4.560960000609300957e-01
1.988553791861467218e-02
3.182887735374198557e-01
-3.311923636976396246e+00
9.403388660508668617e-02
8.649534309866883930e-02
-8.918734053280354956e-01
1.272494020047877095e-01
7.404834230520898064e-01
-1.097781088835168894e+00
1.309212792844537676e-01
-6.164853396029314148e+00
-2.223767311989496065e+00
1.834730183732920406e+00
-7.030982646290325100e+00
6.149133071094525782e-02
6.568877939072992334e-02
-1.543851416014357270e+00
-3.048668545241356220e+00
7.563155862496408199e-02
-5.181962998165497991e-01
-1.572583396589713578e+00
-5.763790412422801879e+00
-1.760894327547100735e+00
-1.807424350180163897e+00
-5.817189465081618494e+00
-3.578155216378991366e+00
-5.296274486061980369e+00
-5.385267061412515877e-02
5.547713005060256330e-02
-4.087994928897885849e+00
-1.741237710501071012e+00
4.740618299873843033e-02
-5.479330698414454082e-01
-4.561524240502665695e-01
-1.481539338747287005e+01
-6.557242168375229774e+00
-1.134127160532405129e-02
-1.186384724797104084e+01
-1.403910231734920577e+00
-1.354219363256573327e+00
-1.234203653822357261e+01
-9.617249728031748157e-01
3.162305551345048205e-01
1.694115976523050959e-01
3.082818014597205614e-01
3.187920133556310653e-01
2.268068678473477462e+01
3.334855037883737161e-01
9.591484869235510358e-01
1.395421265404514222e-01
2.794675755429473218e-01
2.175948036720257439e-01
3.512396259137953725e-01
-2.492071111658747729e+00
1.411700413408324695e-01
-5.188150323926171703e-01
1.276161109960939788e+00
2.079973368524735411e-01
-1.571765235738131761e+00
4.480770301029499136e-01
-1.988059483101553671e+00
-1.186370904041149421e+00
2.493832234820315963e-01
-2.429447460761769317e+00
3.529063325667258222e-01
-2.899850426240667023e+00
1.230079172849035327e-02
4.760067580354825911e-01
1.130903618318565285e-01
2.000339394750176025e-01
1.576892116303372227e-01
7.791867219503026409e-02
1.592965717500736955e-01
7.528289281205474692e-02
-9.482734176562528372e-01
-2.133255760944531010e-01
-1.878290198617474926e+00
-2.517311846113302387e+00
-1.997898110363525714e-01
-1.668459861643565523e+00
-2.428547265868800320e+00
-3.562279513855852286e+00
-1.594342828324351258e+00
-2.105089797786583450e+00
-1.410172060084054824e+00
-2.472112581579387847e+00
-2.132797435155170618e+00
2.001847791457512377e-02
-2.740763672021884201e+00
-8.571546425285585968e+00
-1.567219546525106200e+00
-6.678302545650268485e+00
-1.136089718164535967e+01
-1.052273185006491651e+01
-1.735370098763919700e+01
-1.921547075368039703e+00
-5.230459412280719783e-02
-1.476806707258113249e+01
1.644292900449375039e-01
-8.322511809504169744e-02
-8.494135709031324311e+00
1.143351238345430565e-01
-1.490329352757872172e+01
2.284502437226884342e-01
-2.490063570426059059e+01
2.410603102150539190e-01
6.604130947612857350e-02
8.614145734738790083e-02
6.383368224334658170e-02
7.599846177917742029e-02
3.756289764824605887e-02
8.235455045328454737e-02
-1.984453737372349025e+01
1.053445275907416295e-01
-6.634126743734624299e+00
1.066466193843443044e-01
-1.148997342890150186e+01
6.350344413608307280e-03
-1.591479394655451429e+01
-1.458076105521859400e-01
-5.392774973554173013e-01
6.970728271693893419e-02
4.023194964315376931e-01
3.389202696049293806e-01
1.250044265556217171e-01
-1.790823885471257881e+01
5.838447967019357726e-02
5.525541704506145568e-02
-1.817478959655131021e+01
-3.714465680244958179e+01
8.373005012996190266e-02
-8.998366214386962492e-01
-2.095466429231319339e+01
7.798425357756917642e-02
-7.909317580597416963e+01
3.355736401260458329e-02
-1.035345701203060287e+02
-4.319351520224840257e+00
-5.603403717485070956e+01
-8.163495550903783737e+01
1.072154247020949969e-01
