Number of epochs: 134001
-1.910471464058377089e+00
-1.881975815728628154e+00
1.869313212855433781e-01
1.844990516894702559e-01
-3.974696511961990919e-01
-1.540134635627311077e+01
-1.251752919876303993e+00
-6.688291524084644113e-01
-5.521977167437754019e+00
-3.174861954540970643e+00
-1.516235365193769891e+00
-1.120363043942312764e+01
-6.549949327070152982e+00
9.190717334403822325e-02
2.293534969921592293e+01
5.949707652982171718e-02
5.985057527187895299e-02
-6.651941382155132088e-01
1.779358603011028939e-01
1.114922993596289824e-01
1.086706633802095173e-01
-2.290272575258860965e-01
6.322618356714190813e-02
1.040836094300395531e-01
-4.286915004773977911e-02
6.216449165517921177e-02
-3.582449444525570570e-02
2.469121835045241103e-02
1.021232860516728264e-01
1.254951452306664605e-01
-4.102227655052618216e-01
1.061100773099343114e-01
1.842104848264765615e-01
-5.152942526856101324e-01
1.365022943784945375e-01
1.363875171499168426e-01
3.024853120026935183e-02
2.584330318274393745e-01
-1.835104507654192973e+00
-4.462496585917364311e-01
1.168530057385483573e-01
-2.081418670518472069e+00
-1.720369473254352022e-01
2.304362227055935242e-01
8.518218497142585055e-02
7.760526645087321984e-02
5.455459817681871382e-01
6.097671619627063055e-01
9.701988374632865286e-02
1.662209389101663437e-01
1.150709632797332627e-01
1.019929835295782378e-01
1.588211283857647038e-01
7.933927920102383513e-02
2.881302099133548622e-01
-3.988030888162472642e-01
4.231922651804014696e-02
3.093862041388970030e-01
-3.296753599106793775e+00
9.197998546667518482e-02
8.566778186625460811e-02
-1.055541709034244269e+00
1.253882399096536704e-01
7.316324178004388612e-01
-1.159033857192101946e+00
1.293386650617915634e-01
-6.239625600442285425e+00
-2.182645197161503070e+00
1.964629804225102694e+00
-6.876143775874318465e+00
6.046645510160919557e-02
6.845434305264211372e-02
-1.564616527211774688e+00
-3.121619597195548490e+00
7.788272745301749733e-02
-5.017571805583502798e-01
-1.526664060759767683e+00
-5.516433931410885450e+00
-1.741492785313917269e+00
-1.690332825588379384e+00
-5.784670168274962165e+00
-3.586246893795112189e+00
-5.195019637005366953e+00
-7.755640556861176371e-02
5.769977880515658047e-02
-5.104111668066603436e+00
-1.725719658912313159e+00
4.975716233278995593e-02
-5.479550991362615031e-01
-5.053425774673869775e-01
-1.430707681424414623e+01
-6.223187318391717682e+00
-8.663290428263954387e-03
-1.212372851439110732e+01
-1.564040818741095240e+00
-1.483662576840551584e+00
-1.522657887551043565e+01
-9.729392119909844316e-01
3.059845490156190007e-01
1.666403295900293624e-01
2.977815862726740925e-01
3.102535635662438951e-01
2.128667136405067595e+01
3.257653692981002935e-01
9.507473071114038721e-01
1.384325515310269872e-01
2.757241717189195529e-01
2.126586391532574727e-01
3.439807891057462541e-01
-2.344683120307602842e+00
1.386035507274349932e-01
-4.526928809608048998e-01
1.245358934775425475e+00
2.005093098987311695e-01
-1.658471206641865203e+00
4.448169228070251169e-01
-1.951349823738291800e+00
-1.128032412329675882e+00
2.457290474008114456e-01
-2.353831549177094473e+00
3.462114989246503072e-01
-2.830184142902383737e+00
1.173703157966063393e-02
4.754024912446291329e-01
1.078074061693370944e-01
1.954351202596049386e-01
1.553994716702933043e-01
7.760840500729515590e-02
1.517283924910921011e-01
7.449605135010885226e-02
-9.162201895120354322e-01
-2.186131966090175127e-01
-1.830694116066557298e+00
-2.456882568186092630e+00
-1.989262791815021303e-01
-1.763335255106627031e+00
-2.308700185406012295e+00
-3.672242440215893744e+00
-1.612481604858100770e+00
-2.001811128375620363e+00
-1.380564113150493988e+00
-2.410249208329700021e+00
-2.104648702376593850e+00
1.968721466250212757e-02
-2.762298355250265125e+00
-8.397877350466712798e+00
-1.543055765476861518e+00
-6.481123197993079010e+00
-1.047594416149632579e+01
-1.084003095052868204e+01
-1.381509616560513543e+01
-2.019979045128885708e+00
-4.490484185028673775e-02
-1.437522668566846029e+01
1.627422825155314667e-01
-8.720344292199787295e-02
-8.316692675844981508e+00
1.231610953900496297e-01
-1.440368347326730714e+01
2.206090230651937545e-01
-2.450893941008631671e+01
2.397373137061580284e-01
7.602883153398026783e-02
8.413131339831847466e-02
6.499782212687978122e-02
7.587738955853332024e-02
2.525434227246323715e-01
8.273584416048650192e-02
-1.868729974830363716e+01
1.071852923470879154e-01
-6.994077216464581248e+00
1.047792009576403449e-01
-1.209046772919970358e+01
2.092477692230001757e-03
-1.418443609822448082e+01
-1.348922012467660692e-01
-5.287431423869087821e-01
6.991260184045385018e-02
3.978772331228734305e-01
3.357561699458586069e-01
1.230792681666388194e-01
-1.886945160815982447e+01
5.766346361876728555e-02
5.554755677678694520e-02
-1.979024876700913893e+01
-3.857768212082061865e+01
8.324119626474331401e-02
-9.890039094353305638e-01
-1.991676199550539295e+01
7.642097933242587848e-02
-7.640446392778801510e+01
3.321794610036161999e-02
-1.029430714030411309e+02
-4.271780380311613001e+00
-5.935119099136594656e+01
-7.670593016487153193e+01
1.059687704139044145e-01
