Number of epochs: 990-01
-1.949039816967502059e+00
-1.758858770343561417e+00
1.872659762096084701e-01
1.930173178822944535e-01
-4.581821022263170562e-01
-1.635150912773569942e+01
-9.390658504148068353e-01
-6.944918655791239015e-01
-5.376496627701609299e+00
-3.286999978791831367e+00
-1.492043850848548292e+00
-1.320139410429981908e+01
-6.275017593692347795e+00
9.525333981527057958e-02
1.892819832431734284e+01
6.888535230586179114e-02
7.711319140122879778e-02
-6.102049780551674907e-01
1.762672455950008432e-01
9.356712407748703220e-02
1.052693669432160778e-01
-2.287222886787802778e-01
5.939435438193982342e-02
1.068669602516150591e-01
-2.933809385453884158e-02
6.141915250344637256e-02
-9.921985599334525938e-03
2.411709253620806723e-02
1.033435618435413206e-01
1.235939166666951694e-01
-4.585911558526017395e-01
1.078015846752913981e-01
1.850457039699536510e-01
-4.730836810624020061e-01
1.149178071615448715e-01
1.363604576700817583e-01
9.531200122833577426e-02
2.504021060714171076e-01
-1.729377157881158533e+00
-3.410663705741961427e-01
1.202140673611751254e-01
-1.995952513058819822e+00
-1.564781241277272417e-01
2.208406743717072074e-01
8.608498631621157304e-02
8.115164329493625150e-02
5.316774983884887673e-01
6.122688020774246231e-01
1.043571597666050066e-01
1.650708087846252392e-01
1.130125701511075081e-01
1.074222119644452633e-01
1.541040812373838387e-01
8.194597445165226202e-02
2.838725068861749912e-01
-3.533414638136693764e-01
-1.204089328274646903e-02
3.026402369222046529e-01
-3.422321397715339053e+00
9.587558467790983918e-02
8.423850161391878422e-02
-8.499538401556436806e-01
1.269439885350649999e-01
7.559195528236580808e-01
-9.089576090380047102e-01
1.314569545898580938e-01
-6.712574265600244061e+00
-2.489620110812265086e+00
1.833466134290193228e+00
-7.829775639707924562e+00
6.019646588832423123e-02
6.886719937399722602e-02
-1.576437770622005186e+00
-2.808544483657110735e+00
7.830400071094831271e-02
-8.336902364898889362e-01
-1.521006037991538662e+00
-5.013156127258967310e+00
-1.181277198391463168e+00
-1.875064433348713866e+00
-6.123261075686672328e+00
-4.047735036387440921e+00
-5.198871936421653572e+00
-4.199233709092569516e-02
5.801055404485312705e-02
-4.297997009498260468e+00
-1.832117554108946056e+00
4.097313853512095372e-02
-5.268772486211555917e-01
-4.313350552550908601e-01
-1.236405696316049330e+01
-6.620802204404999891e+00
-4.542609189372923129e-02
-1.107448298712170498e+01
-1.536881313281266204e+00
-1.514341740830149385e+00
-1.088228797680216253e+01
-9.221141916815930317e-01
3.237968178121696794e-01
1.641449463306767498e-01
2.944844892933387581e-01
3.259950402659255730e-01
1.920508174892893649e+01
3.261848456449678024e-01
9.689969346228877178e-01
1.393243991762624368e-01
2.632803090878831909e-01
2.080611316135921318e-01
3.376862377782573477e-01
-2.565020017192146007e+00
1.408607915934074473e-01
-4.202393953165912688e-01
1.296650564778114356e+00
2.041019571604744121e-01
-1.572352818776755701e+00
4.354291458447747121e-01
-2.268209629403748817e+00
-9.258106166847499541e-01
2.390374298566604883e-01
-2.278422301720254506e+00
3.473670361298993314e-01
-2.616078454125483344e+00
1.455930706839327245e-02
4.704880448221049338e-01
1.198534066154778449e-01
1.900166518853429742e-01
1.591009053627445435e-01
7.940776934443492807e-02
1.654905536542404521e-01
7.148221194793326350e-02
-9.296416762116893606e-01
-2.114007453104549406e-01
-2.127566220769600669e+00
-2.452862819720290855e+00
-1.596902415739414050e-01
-1.840582476703562342e+00
-2.598082684391551656e+00
-3.920116065093907753e+00
-1.686403242292334070e+00
-2.071931858055180431e+00
-1.323203512629774314e+00
-2.409034124818266509e+00
-2.102273653632726003e+00
1.579864155311862944e-02
-2.998568455242331954e+00
-8.418875183364448844e+00
-1.674300583110440721e+00
-6.745688440838048194e+00
-1.152203224270570203e+01
-1.059496455416421412e+01
-1.715021823869048490e+01
-1.729155479496853109e+00
-1.126107526980356897e-02
-1.494509833221661133e+01
1.615482354418972810e-01
-8.395614549509174129e-02
-9.218101272939584589e+00
1.138489486612794949e-01
-1.505215531787133365e+01
2.214177017176688911e-01
-2.701533344891157995e+01
2.266843847601441309e-01
6.678591369943803757e-02
8.695006433689739245e-02
6.546766957432216538e-02
7.673184716963428464e-02
5.254447957605524328e-02
8.587644247808992604e-02
-1.930524854010665692e+01
1.067119425234561020e-01
-6.500549541647364649e+00
1.070688552603935861e-01
-1.066858172397590465e+01
1.713762844587144590e-02
-1.702840565868967104e+01
-1.423670968129733261e-01
-4.788219566023401152e-01
6.345199795259029441e-02
3.929539297048100233e-01
3.296978051031185797e-01
1.257475978147871432e-01
-1.818009965374785608e+01
5.717146049811367564e-02
5.503366638495944818e-02
-1.707803975289530030e+01
-2.720066811548389651e+01
8.463908624011533266e-02
-8.455938207316862076e-01
-2.130754972292266558e+01
7.790143731905582736e-02
-8.638190497571009985e+01
3.628526522244030633e-02
-1.064664761528680685e+02
-4.763278525661774232e+00
-5.158222645017050922e+01
-7.838811042695299136e+01
1.085162496269642951e-01
