Number of epochs: 190-01
-1.402126182903235208e+00
-8.877769399205814871e-01
1.796009124847678384e-01
1.089884267701856230e-01
-4.463674861974734065e-01
-1.577010145252887696e+01
-5.276898900313164997e-01
-9.008639806796000515e-01
-6.270357397858891346e+00
-3.683675692821150260e+00
-1.458139162966071378e+00
-1.492057246886186128e+01
-9.664334549325173995e+00
8.749612108819151968e-02
1.135430708793152021e+01
-7.907010463072464135e-02
1.232879273313136452e-02
-2.060285733648953843e-01
1.690054870617675176e-01
8.651447739131458425e-02
9.472887190145459768e-02
2.528055702231163035e-02
5.774454892719523696e-02
8.787197824246655020e-02
3.345694235383152998e-02
5.779796532808073595e-02
4.362842366543433215e-02
2.119854930671879675e-02
1.115562636880268604e-01
1.137985165806053023e-01
-4.229764355968065881e-01
1.013432959118365645e-01
1.819492819031091058e-01
-4.870108721268958107e-01
1.109347210081844254e-01
1.244316334743953284e-01
-1.398056763692939464e-01
2.114498292971793425e-01
-1.215310458848053443e+00
-2.595492806400775399e-01
1.117367285150720341e-01
-1.942097339508709331e+00
-1.044359980054059278e-01
1.898900633807035498e-01
8.163519664765478412e-02
7.258466312721044422e-02
5.430363836072283901e-01
6.470764856753122851e-01
-1.072218136023964097e-01
1.450412321195338750e-01
8.028495106998759234e-02
8.142312827935403730e-02
1.587831995906807958e-01
6.555278625279270521e-02
2.599434532487751026e-01
-2.728103969607526547e-01
-5.605343755601733396e-02
3.127828459681827322e-01
-3.507830863668520927e+00
1.013757623031062566e-01
8.650137757395709448e-02
-9.814348874740322914e-01
1.186197049823083244e-01
7.400647568302280987e-01
-3.922624174102485317e-01
1.357085527171306150e-01
-7.556789326875554380e+00
-2.978336935341648228e+00
1.627337510808797294e+00
-5.782566622865428663e+00
6.441679145043460730e-02
6.014527140011659972e-02
-1.459370854679292506e+00
-2.204845416668596236e+00
8.148984127482811202e-02
-5.761412076419841766e-01
-6.210344680342783086e-01
-3.193029220635441590e+00
-8.160452273442220239e-01
-1.773425627807312610e+00
-5.821300806498246772e+00
-5.362504167827018442e+00
-5.746248739504800973e+00
-1.281475929238770073e-01
6.677187524324590395e-02
-4.486969272304011547e+00
-1.013619783422256004e+00
5.263520732092415860e-02
-3.203668030390310895e-01
-1.807632249556912762e-01
-1.362340083982140371e+01
-4.461915572763741622e+00
5.096053990105091358e-03
-6.979748362628534153e+00
-1.770351945628384271e+00
-1.046425189009287715e+00
-8.681299903851749988e+00
-1.201615044719793746e+00
4.025980081061495963e-01
1.542276088133366641e-01
2.316778393561897964e-01
3.389514176538728774e-01
6.780111109475788211e+00
3.762470412514881124e-01
9.322839395345459135e-01
1.258188449431839051e-01
2.290610361497121827e-01
1.851314050247731824e-01
1.942440303521330847e-01
-1.709417836135811442e+00
1.551447120094146814e-01
-2.075340662745299158e-01
1.364285061084656858e+00
2.059270389089010722e-01
-1.357639507160482539e+00
4.497898213443457527e-01
-1.581026875604250259e+00
-2.199426711014974833e-01
2.005977406626352488e-01
-1.907771785883561444e+00
3.569566683291083842e-01
-1.842662244137017069e+00
-2.723069833286848734e-02
4.983060823557478591e-01
-1.134828916673937850e-02
1.763362385088893536e-01
1.663203497484209425e-01
6.052701411584990310e-02
8.509186280096907307e-02
6.940847221581517013e-02
-9.535063677211305100e-01
-3.554657036713310125e-01
-1.835330170193149257e+00
-1.495534079456506182e+00
-1.935125419458695317e-01
-1.480825273442886836e+00
-4.823505433136407561e+00
-1.492182629264012128e+00
-1.794706154657912167e+00
-3.025196280950533723e+00
-2.268905209691275182e+00
-2.079516824102460859e+00
-2.514323334754895889e+00
2.223443448467348621e-02
-2.402529167496934903e+00
-1.451755647350512568e+01
-1.342483691109303434e+00
-3.421450860166153518e+00
-1.565908596770926131e+01
-9.750403624549990766e+00
-2.241391438013844351e+01
-1.946592949301970688e+00
2.320209540121989655e-02
-1.381459288058304757e+01
1.439750785349670215e-01
-2.312808740864826657e-02
-8.076589913090311157e+00
1.035644202061111879e-01
-1.674120792952069792e+01
2.508339423222931130e-01
-3.998289590986240682e+01
1.156769296668567759e-01
7.120377850220038773e-02
8.288873330942242434e-02
6.292161131916951256e-02
7.051881608485958963e-02
-7.793420418587065912e-02
8.560781023313739080e-02
-8.048546973992248610e+00
1.271115661466281355e-01
-8.531130712101322899e+00
1.069716234879781597e-01
-1.053667565787036509e+01
1.920267104108674960e-01
-1.109729225472983138e+01
-1.516909719380653554e-01
-1.102165747530148635e-02
4.137511915987587136e-02
2.931133094589309929e-01
3.224482962416940213e-01
1.130885955396063597e-01
-1.157762335984720004e+01
5.094436018214351658e-02
4.244915232743416006e-02
-2.836977138344585825e+01
-1.742091630365266397e+01
8.867083864919260427e-02
-1.792284099843196588e+00
-1.805235856246734727e+01
8.450967638105387481e-02
-1.858679562230953763e+02
3.114952122431390719e-02
-1.055703353451777957e+02
-3.330101686801164806e+00
-5.047638432018966625e+01
-5.523358071355578147e+01
1.171003140251609259e-01
