Number of epochs: 291001
-2.077810292618681220e+00
-1.822937786346229494e+00
1.740069853526398092e-01
1.593728179367742415e-01
-4.352612443606191373e-01
-1.602337328660249938e+01
-1.547787099891378748e+00
-6.942751970632184966e-01
-7.348121873519342095e+00
-4.348450890169068828e+00
-1.878606191128501468e+00
-1.286082648723115796e+01
-5.440735876401063820e+00
8.955049075360949073e-02
2.226884728615279840e+01
6.273260721390339079e-02
4.231960139797235482e-02
-6.966007121554010917e-01
1.930326588787554254e-01
9.883600709549769658e-02
1.017863481324429442e-01
-3.083964107014872669e-01
5.910352840601095642e-02
1.093520330361730658e-01
-1.061036044191300542e-01
5.244197299480325702e-02
-8.671980609567531140e-02
3.339230351252982926e-02
1.188255805151662015e-01
1.221516916768462385e-01
-3.967595197518192784e-01
1.045580433288750416e-01
1.677587298197615595e-01
-3.926267777024143868e-01
1.222418381563640383e-01
1.298901903460845941e-01
3.322729425414116221e-03
2.732797967894371460e-01
-1.964249129490534207e+00
-3.877014890568646344e-01
1.215596038260019773e-01
-2.286242389945228215e+00
-4.297771452417886023e-02
2.176943444026064878e-01
8.703729632837306496e-02
7.717235457553467404e-02
5.397526499204716721e-01
6.058008360104912837e-01
8.606909667348670856e-02
1.641808358749861640e-01
1.037229203895142643e-01
8.727528361451848682e-02
1.492820640181518332e-01
7.570261464968319753e-02
2.545327205640852686e-01
-1.658337377712666150e-01
8.560781580651184719e-02
2.797539731545231056e-01
-2.828748203712612153e+00
8.477600680846089642e-02
7.949599577401984807e-02
-1.446462612407137360e+00
1.384663945956203235e-01
6.760312313615601809e-01
-1.197955299678058916e+00
1.202629696012024602e-01
-5.587042605606129975e+00
-2.354758704414782855e+00
1.951029315929949215e+00
-6.721069449892196346e+00
6.256588859848934148e-02
6.339428068152083706e-02
-1.550457594214797341e+00
-3.444666405241729734e+00
6.968619826169228371e-02
-8.125848842571989916e-01
-1.749953215441025334e+00
-6.568096062509310329e+00
-1.595790944179100945e+00
-1.504045817561037168e+00
-4.524422534701214360e+00
-3.382948451576366367e+00
-5.869320871925805427e+00
-8.047852454102294439e-02
1.814643429374323269e-01
-4.578703125137966623e+00
-1.682704119737949755e+00
4.784880203615472782e-02
-5.977901028664427407e-01
-3.835985444084065721e-01
-1.410815547997267139e+01
-4.759474375046265138e+00
-8.710248390100135130e-02
-1.253959754021230033e+01
-2.599225226266403066e+00
-1.443843487091387434e+00
-1.473574232659872862e+01
-1.380978919872393407e+00
2.528698662281053111e-01
1.714325195271838576e-01
2.539978064976017857e-01
2.791234121458364137e-01
2.685396351099883816e+01
2.967056541813641313e-01
8.684016316896986387e-01
1.294502905817009331e-01
2.659665443057778189e-01
2.039881056111831625e-01
3.170128373147466649e-01
-2.184773526011317912e+00
1.606269216173204784e-01
-7.407072465059988398e-01
1.153080785437996303e+00
1.832431883014575547e-01
-1.810751512387356321e+00
4.208948342432762280e-01
-1.685558256422832191e+00
-1.070092009687528156e+00
2.326762529878885211e-01
-1.704996718830586788e+00
3.121129397203333822e-01
-2.739003270733883610e+00
-5.037752606131477417e-04
4.679441111527040120e-01
1.097770031297342214e-01
1.915338944158130330e-01
1.449713205583012809e-01
7.003916190044968959e-02
1.178322902888436358e-01
7.310822852926933402e-02
-1.148378501463370061e+00
-2.456638239892992015e-01
-1.703088767876660414e+00
-2.206251809988024171e+00
-1.342871692198966127e-01
-2.106931867743741194e+00
-2.444636595533150825e+00
-2.991091677230181212e+00
-2.581768394885196383e+00
-1.706668237156907297e+00
-1.792643271363022484e+00
-1.673810410312399632e+00
-1.964395578802243580e+00
1.203452252953522532e-02
-2.334273247484875746e+00
-7.905916933213162245e+00
-1.696284752491520553e+00
-6.796725455822603124e+00
-1.136904588028909657e+01
-8.810826683506814305e+00
-1.173631273738722136e+01
-1.885255703573647024e+00
-7.049842516609519660e-02
-1.461646116891519220e+01
1.569887561191287140e-01
-4.784595432426331368e-02
-7.451080232062235353e+00
1.111640675871763406e-01
-1.601942436419392024e+01
1.910454133228869644e-01
-2.377853370427197888e+01
2.261111553298188748e-01
6.277436493281902952e-02
7.540463003698472111e-02
2.797770248479073407e-01
1.224313712078288069e-01
9.528405166491628331e-02
9.307219360036128597e-02
-1.964435757668394089e+01
9.464362076490408227e-02
-9.702733741002136370e+00
9.834751093795543464e-02
-1.278387166875316794e+01
-2.763763828934974291e-03
-1.159434543329400924e+01
-2.271910828011438066e-01
-3.310883189483904698e-01
6.320117787594115022e-02
3.795594022392180800e-01
3.236814766170427182e-01
1.380092997019078949e-01
-1.815012084207756615e+01
5.854987640893009188e-02
4.567480408152084503e-02
-2.048387751962066261e+01
-3.573427267066598034e+01
8.822970455687370595e-02
-1.905108534103890694e+00
-1.788452633453748319e+01
8.352744610324454311e-02
-5.810416980070287707e+01
2.610718436972762208e-02
-1.570956044584317226e+02
-5.290166865533580065e+00
-5.225171639438323723e+01
-6.842611088218789916e+01
1.001187517600277826e-01
