Number of epochs: 780-01
-1.972025776553044674e+00
-1.367344900854287282e+00
1.941393943561593727e-01
2.059420688200004901e-01
-4.813603350434763062e-01
-1.533868873677285372e+01
-9.658197733158100373e-01
-6.831390980820490899e-01
-5.596154193214217365e+00
-3.102094866820591434e+00
-1.559841232378767817e+00
-1.489245337959178173e+01
-6.232659422276255690e+00
9.557227721430117118e-02
1.512506305657682226e+01
7.849018498358988072e-02
9.490397805214582927e-02
-6.289122895011314274e-01
1.771735766105567711e-01
9.721642240660262335e-02
1.059359580185862404e-01
-1.655151097650846004e-01
6.492608560395393691e-02
1.110654512995461751e-01
-3.046992178748824179e-02
6.422928460193766398e-02
-4.980776519255670706e-03
2.531846354926954590e-02
1.076068438840279279e-01
1.265720195561650108e-01
-4.986601659688909005e-01
1.117125792631907810e-01
1.811868451474032693e-01
-5.164153656804209014e-01
1.182275826106165412e-01
1.416229069588408607e-01
-8.650858638764419295e-02
2.355050599206975070e-01
-1.762084272542140395e+00
-5.359499000479142072e-01
1.258962549733130820e-01
-1.884641029242340560e+00
-1.550566494819572150e-01
2.231351752230028296e-01
8.988028526469310497e-02
8.524043419323013016e-02
5.720388205267060711e-01
6.473882894196909543e-01
1.144378261132591168e-01
1.653429786274074886e-01
1.208162335823878414e-01
1.125492065237680972e-01
1.582817373968513353e-01
8.114253865514456376e-02
2.811747428763348156e-01
-4.117921084028905443e-01
-1.920725077669750355e-02
3.036837482381296582e-01
-3.070704336878878227e+00
9.897863364194738056e-02
8.677853789261213979e-02
-9.824014061194085157e-01
1.311237304211147758e-01
7.843429884553345666e-01
-9.001728403269009249e-01
1.375983533537023795e-01
-6.845728005092032831e+00
-2.379474896884671509e+00
1.724235943221940071e+00
-6.416735527109699078e+00
6.092993349786048757e-02
7.393264850125860765e-02
-1.356057416003333627e+00
-2.734019526521764831e+00
8.128108085631836899e-02
-7.028323304233435875e-01
-9.564442409967648384e-01
-4.719262878707032094e+00
-1.271899538560545384e+00
-1.789628568060207092e+00
-6.289813164999018547e+00
-4.410033909184813972e+00
-5.202640728091208366e+00
-6.108786768815403084e-02
6.056582468391685098e-02
-4.446533111061431676e+00
-1.503311452338298659e+00
4.244921866591174625e-02
-5.680311926370652520e-01
-3.083344354098699891e-01
-1.280182000349688565e+01
-6.696815220168145899e+00
-3.914191189025239409e-02
-1.143798079937980638e+01
-1.631797896261352410e+00
-1.730952523444527991e+00
-1.101082721940396247e+01
-2.380260554850734511e+00
3.450366252784655696e-01
1.661820823673964831e-01
2.924126530650952849e-01
3.504518367419374170e-01
1.984941217109176748e+01
3.470698900778031448e-01
9.815897690534928222e-01
1.452482905965441495e-01
2.598224572922805953e-01
2.108431947248216032e-01
3.654816275176349660e-01
-2.356999882562782922e+00
1.471099322128238129e-01
-4.241806214893897864e-01
1.278199452585892182e+00
2.127787222755321006e-01
-1.653919618057312135e+00
4.558370222541121008e-01
-1.916464090778294160e+00
-1.047258254004617140e+00
2.386899577781936288e-01
-1.822439170699036382e+00
3.741186709253523923e-01
-2.832519695017762018e+00
1.523381272001910446e-02
4.995743096846539388e-01
1.336118992040604692e-01
1.926063878173236710e-01
1.640926805768099517e-01
8.175761859505854823e-02
1.239098115576476311e-01
7.658428940189881962e-02
-9.602492347969150410e-01
-4.974928919239564595e-01
-2.246311165094214246e+00
-2.363276475259362464e+00
-3.548040721569523798e-02
-1.677825553874387365e+00
-2.634590608289876013e+00
-4.127662099394173723e+00
-1.734660551808632656e+00
-2.215629609313614523e+00
-1.270137260753859687e+00
-2.447464895151085784e+00
-2.066711082916838471e+00
1.884415526901210905e-02
-2.530337440023414430e+00
-9.241749584279482121e+00
-1.566805377607320970e+00
-7.416177494837151940e+00
-9.683195931985521199e+00
-1.109247743491417637e+01
-1.707378078197891824e+01
-1.600004049271779749e+00
-4.033367765755876272e-02
-1.588320677424151839e+01
1.522618740097186618e-01
-6.341311264200694131e-02
-1.006350710985689467e+01
1.178697216338414483e-01
-1.570690338467790603e+01
2.237263372403976713e-01
-2.863099114135984635e+01
2.297787621546291681e-01
7.081781939959047589e-02
8.739041074404214904e-02
6.585229603777408014e-02
8.403384845724874708e-02
5.199361887986035657e-02
9.181089507167962405e-02
-1.952759348897577496e+01
1.102795199817862559e-01
-6.231799802975963587e+00
1.095668649676942302e-01
-1.066197642922553435e+01
1.955543738325751790e-02
-1.283415013035246410e+01
-1.545158035989927514e-01
-3.995829280943716255e-01
6.655508962732983869e-02
4.167954403566442867e-01
3.310073805728206975e-01
1.269277198896121284e-01
-1.723084985536783265e+01
5.832946224637477334e-02
5.497939439667193229e-02
-1.749855913272844532e+01
-2.694711789700608406e+01
8.511958034528298300e-02
-5.946340661663711558e-01
-1.888122755750608306e+01
8.090414425968192602e-02
-8.657972344979903312e+01
4.477802458757536991e-02
-1.086122383737927777e+02
-3.393724912173296193e+00
-5.761839904769557563e+01
-8.131448899239195782e+01
1.118379995636277074e-01
