Number of epochs: 245001
-2.119561021877596652e+00
-1.869517738859116651e+00
1.788704848752132870e-01
1.552697654177144782e-01
-4.166973887812590593e-01
-1.741180929460833937e+01
-1.638043375890177122e+00
-7.318375847934119882e-01
-6.212742836723849749e+00
-3.671569092407650281e+00
-1.837056326368260439e+00
-1.221949227177293196e+01
-5.713097127776265438e+00
9.167530231857048961e-02
2.307053113830548696e+01
6.536435164676905607e-02
4.607243452768249037e-02
-6.853850472915899994e-01
1.971820407430308064e-01
1.047031797311922946e-01
1.031415746895178870e-01
-3.121256588492022366e-01
5.969240202212372504e-02
1.173945491489063880e-01
-9.372810697102312849e-02
5.339286787122120986e-02
-7.665980114540926760e-02
3.101797780649787409e-02
1.264444646995733224e-01
1.255076294046518770e-01
-4.091543437801077321e-01
1.086818509989239401e-01
1.734106293907660967e-01
-4.378479340939431808e-01
1.268961118171358371e-01
1.347505046931871953e-01
8.452966193958421498e-03
2.416195840116353577e-01
-1.996317422813408404e+00
-4.122798182516327348e-01
1.273654514935263493e-01
-2.137821824015357919e+00
-5.865468205709468974e-03
2.225138124886385516e-01
8.788587134255818056e-02
8.043370322671355988e-02
5.530287235163939830e-01
6.118896055546813040e-01
8.431075509106550347e-02
1.687105235824084004e-01
1.088311029503906402e-01
9.269276928257177972e-02
1.538328117036701914e-01
7.710747828009854865e-02
2.591197902286568322e-01
-3.629431523059303277e-01
9.366429199186360188e-02
2.811549523352991353e-01
-3.023974699122910170e+00
8.966334525850920556e-02
8.289626254841968300e-02
-1.549331666116233963e+00
1.433687359064370892e-01
7.036034666319579411e-01
-1.219869816584842726e+00
1.247623337385509734e-01
-4.792956790571841985e+00
-2.440514121498110978e+00
2.046064419185504413e+00
-7.051134711368544750e+00
5.842901506108064136e-02
6.884305934625188639e-02
-1.562588724005531837e+00
-3.508085056580879879e+00
7.146182223024397095e-02
-6.167815425945685215e-01
-1.613444658943153254e+00
-6.367013256961381984e+00
-1.628953729722872668e+00
-1.618947296576630945e+00
-4.955217954258697155e+00
-3.648298358023973620e+00
-5.336331451288754302e+00
-7.805408196551012756e-02
2.689270894756491392e-01
-4.477870139147288597e+00
-1.640093752300840091e+00
5.089969287404474962e-02
-5.019509515702602620e-01
-3.912155768520420573e-01
-1.324779165706370954e+01
-4.819688594979902874e+00
-6.182955839227625983e-02
-1.195336828951362662e+01
-2.279501627095005922e+00
-1.382358326555933825e+00
-1.554605484850816488e+01
-1.409876309639226832e+00
2.644478027306919055e-01
1.755500872507150534e-01
2.618364450680878419e-01
2.871299183309332093e-01
2.596727106588748057e+01
3.032254413057294817e-01
8.976401650110727992e-01
1.356326273442695074e-01
2.625225097444158218e-01
2.080555218650120552e-01
3.255773795850281371e-01
-2.508723692299525521e+00
1.690473749966770745e-01
-7.940788869513161208e-01
1.228739766073787321e+00
1.815460642785288459e-01
-1.827672099351581592e+00
4.301621236519782010e-01
-1.567035072556076214e+00
-1.154538708584543993e+00
2.366131468269851157e-01
-2.261268214037750912e+00
3.234714826049798209e-01
-2.607863841239460356e+00
1.979609999407459797e-03
4.757811840806103754e-01
1.193444614379726709e-01
1.946761031698072963e-01
1.499727266735288445e-01
7.261158913072743304e-02
1.262290931115447878e-01
7.564832835724788485e-02
-1.220471090091722610e+00
-2.463633391734266487e-01
-1.751347992739860082e+00
-2.179873478747535120e+00
-9.620362017030577306e-02
-2.223930404208715128e+00
-2.352357903063523548e+00
-3.141735740154141254e+00
-2.656132698001890891e+00
-1.715652780760627216e+00
-1.737444046491934069e+00
-1.541998634986901262e+00
-2.153743910469712031e+00
1.618524701461733148e-02
-2.431982091158572779e+00
-6.767338129081576170e+00
-1.464977747302882660e+00
-6.817047924961355143e+00
-1.190639178692376809e+01
-8.492375320637197689e+00
-1.194512248228114615e+01
-1.845934365617472706e+00
-5.366999959003231763e-02
-1.543112628976487777e+01
1.615032635935094441e-01
-3.161221016110989795e-02
-7.865431628867889380e+00
1.153041950256766257e-01
-1.592535116994677402e+01
1.995599816114722036e-01
-2.268085682826236393e+01
2.326891095691540068e-01
6.721136918202387511e-02
7.957217570462744860e-02
3.356933564110531898e-01
1.412555876290761403e-01
9.192066441506063779e-02
9.866207405816596054e-02
-1.983810937704181399e+01
9.949975025704206610e-02
-9.647925029630377125e+00
1.029839970842621466e-01
-1.197429939865720350e+01
-1.252077142902750058e-03
-1.234291383634840322e+01
-1.895692661366440712e-01
-3.311993990476341798e-01
6.358547187231203268e-02
3.856225200613180859e-01
3.207014930672074104e-01
1.436962335388483059e-01
-1.770379150269306834e+01
5.960111517266308834e-02
4.806134143589055330e-02
-2.150182340241557455e+01
-3.742686007355280964e+01
9.327092473439611842e-02
-1.827693713402863018e+00
-1.766795893859674393e+01
8.749764696055994939e-02
-6.035335541279116711e+01
3.068274306124574996e-02
-1.589884873546224355e+02
-5.305256792826985368e+00
-5.159350680082788898e+01
-7.021092804391564357e+01
1.060483477297505528e-01
