Number of epochs: 550-01
-2.275334262775760674e+00
-1.344379988972930207e+00
1.934070840476779241e-01
2.360795538448785535e-01
-5.324396477288562135e-01
-1.733151516093438715e+01
-3.163028296849871857e-01
-6.818563869255304111e-01
-5.908836006997902679e+00
-3.649225163998193189e+00
-1.596335958517663967e+00
-1.689159272248643973e+01
-6.535437408437562823e+00
9.561425730805551970e-02
1.560499252113982038e+01
8.377322575866495702e-02
5.536363824503750392e-02
-5.207136411400462572e-01
1.765432851586200558e-01
9.331247661296603046e-02
9.788848081270309920e-02
-1.219254776127149387e-01
5.924181043406470670e-02
1.014454530472106292e-01
-4.176752624740193327e-03
5.587780989945158316e-02
-3.094280082156903818e-04
1.507836276793137614e-02
1.105374176059948366e-01
1.295165620525767225e-01
-4.279783474400069565e-01
1.060768597209261754e-01
1.842868088801276338e-01
-4.902172615040467085e-01
1.181135432715116618e-01
1.431521874087855473e-01
-1.174829872719752727e-01
2.467031870312951791e-01
-1.719054653207882533e+00
-4.918391047590447429e-01
1.293262162094823142e-01
-1.753465534482776755e+00
-1.156499930992090502e-01
2.267230144199224584e-01
8.256245852515024797e-02
8.157666908637958847e-02
5.986284040377075621e-01
6.607379551811747298e-01
1.046716944937585436e-01
1.638302067790022021e-01
1.386853548102927602e-01
1.218798135741778754e-01
1.586238639222347369e-01
7.243247940498453996e-02
2.910151812677924665e-01
-3.268367764259000885e-01
-2.648389018198994693e-02
3.227610207885576732e-01
-2.757108083528394982e+00
1.032872300271814453e-01
8.550535663899236360e-02
-7.804203503290069177e-01
1.309527698811551177e-01
7.896923773087759502e-01
-1.016665110328398569e+00
1.422617252812439781e-01
-5.475855585336846687e+00
-2.318216244874508281e+00
1.931305307904905177e+00
-6.455191997692564243e+00
5.622495952911733819e-02
6.126107258597515010e-02
-1.104965646211042651e+00
-2.814976088233561935e+00
7.717114181624797065e-02
-8.133778171210725993e-01
-8.128544992993066431e-01
-3.880503077848908688e+00
-8.686733425700695621e-01
-1.866922532592407480e+00
-5.418383087641196916e+00
-5.130725962329644396e+00
-6.183251697277992065e+00
-9.726973703795649406e-02
6.557916925945705966e-02
-5.040460010003741331e+00
-1.511152882299370503e+00
4.564759758134495637e-02
-5.776583945716488033e-01
-1.232307999876102594e-01
-1.273164328371306020e+01
-3.025270945133134326e+00
-2.478163851281975708e-02
-8.978524163821948179e+00
-1.635476305097577798e+00
-1.284724868445937807e+00
-8.510259218522456592e+00
-2.516002728902421826e+00
3.880200174541548752e-01
1.618595249877552156e-01
3.037999051980792564e-01
3.773269992307828335e-01
1.854557173863263486e+01
3.823484421293944502e-01
1.054546986429087951e+00
1.437440436286520906e-01
2.700247065571796390e-01
2.092764987636230867e-01
4.089022605025153245e-01
-2.507362180427444631e+00
1.542410008138012101e-01
-2.389375504414587015e-01
1.350282605181951645e+00
2.225620166337969608e-01
-1.383043210893226904e+00
4.929139260915086918e-01
-2.159758084164445702e+00
-1.063217719266121408e+00
2.453144684870274816e-01
-1.820294095580790250e+00
4.182140240102896755e-01
-2.772429758242992204e+00
2.383034681013693375e-03
5.236614790983668000e-01
1.618726812855373620e-01
1.927998195576922646e-01
1.662756347144860869e-01
7.363375552353923492e-02
1.355190490438274997e-01
7.212964403645964750e-02
-8.070890417214922063e-01
-5.021091576090054298e-01
-2.656103452894304606e+00
-1.471216684561799326e+00
-1.818009180121791801e-01
-1.732915470448366912e+00
-2.416189010417098881e+00
-3.537725032002800862e+00
-2.026310104036797011e+00
-2.526852453543933397e+00
-1.429781468023460622e+00
-2.644724777164233043e+00
-2.153557389023522006e+00
1.998168087012659050e-02
-2.288197793822821957e+00
-9.876594712646120655e+00
-1.406041318733453949e+00
-4.793789209725859202e+00
-1.030259651130279508e+01
-1.196824372776782575e+01
-1.905304804021489318e+01
-1.674333318295144979e+00
-2.259603059385934323e-02
-1.194529771346770630e+01
1.522236783113022629e-01
-3.242919469748755529e-02
-8.000615201238886698e+00
1.209288958142830522e-01
-1.422594044354202936e+01
2.495509285987469739e-01
-3.347133437973493386e+01
2.223461881210876401e-01
6.765905011472611585e-02
8.327953644148729240e-02
6.231881267062772123e-02
8.513796330900950948e-02
4.629016396279661549e-02
9.255745831461902051e-02
-2.052700337019224008e+01
1.141312128584015539e-01
-5.081299415898905991e+00
1.132215909933174808e-01
-1.126002712281417928e+01
2.733600378611707876e-02
-9.913299293891867592e+00
-1.524567911108200557e-01
-3.841726139817935315e-01
6.047466774207532758e-02
4.476390456307641763e-01
3.488218174326871979e-01
1.310762065093902529e-01
-1.742317367275419215e+01
5.830885679111138392e-02
5.869025368824830335e-02
-1.899974220427095872e+01
-3.390337131395789072e+01
8.694647005974170950e-02
-3.178491221287608748e-01
-1.719115050126906752e+01
7.703014398332146129e-02
-1.042022360294841548e+02
4.034413768824927915e-02
-1.202229729830711449e+02
-3.658920930209372369e+00
-4.313686733991894329e+01
-7.528299952754660751e+01
1.094184222677758722e-01
