Number of epochs: 330-01
-2.466027940019706044e+00
-1.791522826191269679e+00
1.707737595956567156e-01
1.151411506672210955e-01
-3.656593041642611230e-01
-1.239123772512579791e+01
-5.358834611961768024e-01
-9.280792012037711869e-01
-1.344292612439903056e+00
-3.549961570675165490e+00
-1.618200804536335635e+00
-1.931944108003863292e+01
-8.038292565209909313e+00
8.533450323359384471e-02
5.494116850978643996e+00
1.986811395062461072e-01
3.275040861888581928e-02
-5.635580057049771607e-01
1.567322091214830571e-01
8.392298738294252936e-02
9.177255533739059334e-02
-6.189097254767804424e-02
5.506915478166798245e-02
8.780897710311315330e-02
4.529789087342193585e-03
5.226191601269129794e-02
2.266285463963756477e-02
1.073226934169641857e-02
1.075027205640513850e-01
1.199423077580260011e-01
-4.513835023471569619e-01
9.969062092554191457e-02
1.647596223324872267e-01
-4.015558803529743481e-01
1.153928497338509995e-01
1.235282937421353505e-01
-1.318991199135222669e-01
2.011150381828371303e-01
-1.137501576690670424e+00
-2.118259042642532675e-01
1.119128855364876218e-01
-1.737035196988636176e+00
-9.029706173076874898e-02
1.853463662216811025e-01
8.317844476426060341e-02
7.770013991772119211e-02
5.724482515300345353e-01
6.062984664929566003e-01
7.272763217982866624e-02
1.468727038478037095e-01
8.627013945535984274e-02
7.556896316840201744e-02
1.462546189468440228e-01
6.773665783038521071e-02
2.537986848690192976e-01
-3.568476145688864176e-01
-4.333642650830938498e-02
3.050360222044479763e-01
-2.933180572281596010e+00
9.817077498217965936e-02
8.783293523540733339e-02
-8.857073167660695079e-01
1.185604545393956627e-01
6.909000537755832783e-01
-8.161999539439165341e-01
1.345899935100035860e-01
-6.867321105020524286e+00
-2.617542349306343663e+00
1.314392112109634025e+00
-8.698359408445472951e+00
6.331097842088373451e-02
5.996236821939510825e-02
-1.659726136646569428e+00
-2.952829364007713675e+00
7.977628336741869608e-02
-5.043322053883118050e-01
-6.089537148007522216e-01
-4.697497376133081382e+00
-8.298971391475026271e-01
-2.244567796503901036e+00
-4.358842205003016446e+00
-4.057226631185976373e+00
-7.197136335655246242e+00
-9.094841915718616943e-02
5.588579464180293971e-02
-7.772536884917238709e+00
-1.433047919727275410e+00
3.698954214984765537e-02
-3.786364234720452360e-01
-1.680550468156247479e-01
-1.423442211707492433e+01
-3.831805051464209022e+00
2.096700106069970468e-03
-8.048232711363713321e+00
-1.766794755885073176e+00
-1.307256076295732594e+00
-7.793062631242522187e+00
-1.826463871574569353e+00
3.828955068701990205e-01
1.466980962436489067e-01
2.259364768488611452e-01
3.447372562112217542e-01
1.754211453700354539e+01
3.554618027723924212e-01
8.939252983603618308e-01
1.246658362634762984e-01
2.214812285492948341e-01
1.778195365563655927e-01
3.734680715625778302e-01
-2.507374436369362858e+00
1.430458314869342829e-01
-2.093992481121595417e-01
1.107266558557771008e+00
1.884983412035670935e-01
-1.164295038547423777e+00
4.463887838207399872e-01
-2.316660702640723546e+00
-8.912951017520072128e-01
1.971130586524377504e-01
-1.774619589045898671e+00
3.569276645836597095e-01
-3.088305186359885379e+00
-4.876280378132254872e-02
5.105422226992357704e-01
6.648244464446136093e-02
1.672894425409992003e-01
1.509075342012141108e-01
7.144247595661246120e-02
1.209941314706101112e-01
7.217138671144317230e-02
-1.039920100343152631e+00
-4.974509243325910268e-01
-1.843743457491307414e+00
-1.501164861304325360e+00
-1.519129300515922321e-01
-1.400735721976022363e+00
-2.870620024737181364e+00
-2.363664118363772548e+00
-1.965900236897075937e+00
-2.580082422108787021e+00
-1.688005441821643249e+00
-2.679657761825522844e+00
-2.299885149949160379e+00
3.113678153970135531e-02
-2.902098205868265612e+00
-1.197464227140665471e+01
-1.179366457327694517e+00
-2.905074277414091632e+00
-1.093345151747404564e+01
-8.697661041310160712e+00
-2.497740664680748068e+01
-2.203329826864559138e+00
-2.401895892795499754e-02
-1.405272441496454938e+01
1.416167609059900412e-01
-3.545980894663978977e-02
-6.769418579650181123e+00
1.085351948145335116e-01
-1.439438965816688487e+01
2.240156129345156344e-01
-3.277536253749254058e+01
1.546832965736044119e-01
6.590896034755527877e-02
7.955095501782734335e-02
6.864864620735293410e-02
7.957701511680284612e-02
-8.506747111323238741e-02
9.612841953121326055e-02
-1.375933612632613645e+01
1.152117745299947871e-01
-4.813111435420884376e+00
9.972758926919897404e-02
-1.210608402529447147e+01
6.427921956288498717e-02
-8.610749416676645396e+00
-1.726295743654787662e-01
-3.233533323750718558e-01
5.431265248611279184e-02
2.853703988545459591e-01
3.213918141823691732e-01
1.219854690880264325e-01
-1.531540290934191617e+01
5.643230231423319171e-02
5.235588706167419032e-02
-2.136766099389148366e+01
-1.990626432105353416e+01
8.311183069278689495e-02
-2.024645505089979647e+00
-1.616630122804617997e+01
7.809151150516606410e-02
-1.201419139060113395e+02
3.012177543247360201e-02
-9.489182511990902924e+01
-3.108094718450717497e+00
-4.915557788169421372e+01
-7.872751185295962273e+01
1.102836318688246997e-01
