Number of epochs: 402001
-2.189058864875520705e+00
-2.160442526077535952e+00
1.694402269971023445e-01
1.444989187738333070e-01
-6.199350343560416920e-01
-1.629628427375265787e+01
-1.575640950006914398e+00
-6.947726885986955647e-01
-9.645185309220291714e+00
-5.175802314551741112e+00
-1.787392569498635897e+00
-1.229626598127695303e+01
-5.037877274144436868e+00
8.853386793756075346e-02
2.289844089669185934e+01
5.561665583441573191e-02
3.972677860259293120e-02
-7.202683334128966441e-01
1.931888156469560858e-01
9.858488218955621663e-02
1.100708134539312988e-01
-2.871162224989931566e-01
8.097538999212605670e-02
1.037316614574305268e-01
-1.289228324995337072e-01
5.487887584274211972e-02
-9.823311054829664268e-02
3.053798795133516597e-02
1.125490031783818873e-01
1.226877765487775357e-01
-3.709504313191069325e-01
1.017468839844208051e-01
1.633076448339736697e-01
-4.347937922154497259e-01
1.188251968038853412e-01
1.304669242178019828e-01
-5.374852065823917772e-03
2.650131701891277336e-01
-2.280184302830048804e+00
-3.946658202817016625e-01
1.169555572198140991e-01
-2.212228876838491676e+00
-8.118669308585421684e-02
2.204660545401665728e-01
8.751999643664203077e-02
7.924729519650687559e-02
5.503515342159682744e-01
6.384781440888394055e-01
8.153649523538011867e-02
1.637690829127506909e-01
1.195800626947483292e-01
8.795582945588688306e-02
1.472519024175545643e-01
7.721575719645666636e-02
2.879275848192369147e-01
-1.947001710546106545e-01
8.825642730717322970e-02
2.826234566024399264e-01
-2.833161064832255605e+00
8.364474703524593657e-02
7.865460275303488846e-02
-1.566390560157878475e+00
1.365805018735671839e-01
7.457813488537530233e-01
-1.299765674965699391e+00
1.204079604452008706e-01
-5.880280618401533488e+00
-2.493560655037046381e+00
2.058151446879500135e+00
-6.544518548885234210e+00
6.782014502149448509e-02
5.986810308584721713e-02
-1.597077660063670468e+00
-3.310313335192820006e+00
6.697530192911085867e-02
-8.680358930672029683e-01
-1.523713456059094806e+00
-6.219662571785540273e+00
-1.545273226032807035e+00
-1.561910939913221164e+00
-4.426178427721809250e+00
-3.479944253988579206e+00
-6.525820767819416446e+00
1.827834538113917162e-01
1.163425597130202799e-01
-5.323433507556199373e+00
-1.713046047721111353e+00
4.691830437437945200e-02
-5.414361165819007171e-01
-4.288575753756592168e-01
-1.408915861003677605e+01
-4.679981251553464894e+00
2.225870077228924576e-02
-1.234353337317662813e+01
-2.387145815847918850e+00
-1.481731106039604340e+00
-1.545311110035918922e+01
-1.523813023526561894e+00
2.361433117146780891e-01
1.822757850449837069e-01
2.397894558614332428e-01
2.724643083786720821e-01
2.663386382304381073e+01
2.903020153624447097e-01
9.633041388414081974e-01
1.261076572736370138e-01
2.637077184330761104e-01
2.044301905924410245e-01
3.164530544563345371e-01
-2.055176713842182590e+00
1.544912102751167249e-01
-8.325089595231969231e-01
1.244018373157294022e+00
1.754703024493817765e-01
-1.814056642795178753e+00
4.314098232332037597e-01
-1.626166207952449039e+00
-1.340114102342713442e+00
2.348219739531123285e-01
-1.839068775325502614e+00
3.052139404221700936e-01
-2.594331409755820772e+00
-1.270398926769768927e-02
4.759080188093783859e-01
1.056743152001522329e-01
1.889664838717049766e-01
1.420072954133431431e-01
6.775457646385675547e-02
1.122852795407464355e-01
6.990615657175346109e-02
-9.963063845129964680e-01
-2.476689785333504035e-01
-1.696507993284055216e+00
-2.299830025852163562e+00
-1.675209663922188619e-01
-2.322328908525411517e+00
-2.500807948214007315e+00
-2.826975232819913586e+00
-2.394954552988040497e+00
-1.717991558334194035e+00
-1.791686451317979101e+00
-1.691629734513950156e+00
-1.891403812614774971e+00
8.803748882945345439e-03
-2.675233604082830396e+00
-8.139525788171955156e+00
-1.945131459628902215e+00
-6.973666325215034156e+00
-1.082648716149573964e+01
-8.859521830513571672e+00
-1.109934737582729092e+01
-1.808207118103462241e+00
-5.190344481541978722e-02
-1.531105949414621570e+01
1.850848579382048387e-01
-4.500299823742320154e-02
-7.614954292140539316e+00
1.115426918072409540e-01
-1.583225992118943104e+01
1.795943101235505934e-01
-2.732545741075349355e+01
2.234758788451435829e-01
5.662075314510423701e-02
9.079725909128681660e-02
2.248645372174735146e-01
1.074882030410334310e-01
8.241366582477135938e-02
9.269231008342192213e-02
-1.835700658401343688e+01
9.633342447036800926e-02
-1.012976850181170008e+01
9.687427195871933794e-02
-1.480184603710672242e+01
-1.721950203661272438e-02
-1.243209475858670743e+01
-2.085043702949260225e-01
-4.226538360341296485e-01
6.838343070269536916e-02
3.875386703240593644e-01
3.371474605505850319e-01
1.338956853298022553e-01
-1.845480853826459722e+01
5.675881084835639884e-02
9.695231792476780019e-02
-2.197999177270747140e+01
-3.461011579351237089e+01
8.749745948579304433e-02
-2.314926484750681634e+00
-1.593409101087419621e+01
8.894182243282255929e-02
-5.705081816594816502e+01
1.801335425963018766e-02
-1.882896989656448454e+02
-5.517022315537818855e+00
-6.595389496250589900e+01
-7.021867675579983370e+01
9.980794910438348100e-02
