Number of epochs: 234001
-2.068062963863405823e+00
-1.941480331364612288e+00
1.791538783039229865e-01
1.569874291563324309e-01
-4.166973887812590593e-01
-1.741998127410629138e+01
-1.537180887710102972e+00
-7.347857095807587280e-01
-5.887824243422956627e+00
-3.758030664018630507e+00
-1.864777830649361423e+00
-1.088399044834776319e+01
-5.647841974362910911e+00
9.138953159990270692e-02
2.130249696969882578e+01
6.584565925611182702e-02
4.628702981927631382e-02
-6.785930660097287959e-01
1.967008038922434532e-01
1.039224749986536744e-01
1.007912107730368073e-01
-3.119232132268437430e-01
6.047368862341735707e-02
1.180100551073580278e-01
-9.330520007699705243e-02
5.383194097863315541e-02
-7.511718323447849621e-02
2.555299210817911157e-02
1.260953774132107796e-01
1.249176258752454222e-01
-4.128854696252908796e-01
1.063843487277209288e-01
1.743558297985511873e-01
-4.927361212418877034e-01
1.271072194551239598e-01
1.337775091835399499e-01
7.839677363123818965e-03
2.397321509695509723e-01
-1.921447857587982755e+00
-3.935552334961091581e-01
1.276969218173207299e-01
-2.116871974922914124e+00
-8.681257986151892647e-02
2.219709713470919277e-01
8.663454113655189026e-02
8.171846921263156704e-02
5.510926178615543902e-01
6.068935976550138278e-01
8.467746341529962251e-02
1.686630303472705372e-01
1.080847666703163568e-01
9.315535247090121762e-02
1.540467818873684502e-01
7.655540858361156720e-02
2.557780346579787145e-01
-3.659244127971110205e-01
9.365910524207089749e-02
2.785535122976924849e-01
-3.038154396977044147e+00
8.934324271504917592e-02
8.287482431299986185e-02
-1.551255057752323196e+00
1.437682791792431747e-01
6.950638903920016709e-01
-1.219869816584842726e+00
1.245407153115034860e-01
-4.792956790571841985e+00
-2.316000471474830569e+00
1.983015127771197594e+00
-6.521817521073770330e+00
5.953329994454534951e-02
7.175057111273407118e-02
-1.494414202944247982e+00
-3.548212544020609371e+00
7.196498090566191830e-02
-5.787591989157648831e-01
-1.644773079378476055e+00
-6.341892769603725277e+00
-1.640844797146046030e+00
-1.618767389114100563e+00
-5.080282225044141953e+00
-3.438304702614259689e+00
-5.449761214579329049e+00
-8.014126154921735745e-02
3.203626033578478860e-01
-4.538351559381164080e+00
-1.651015021387018500e+00
4.851484647015458923e-02
-4.969416973667347692e-01
-3.955476976312318205e-01
-1.332214192003744557e+01
-4.860978855757299044e+00
-6.272226905956534981e-02
-1.176270287904267242e+01
-2.177384578312900665e+00
-1.418502188235509553e+00
-1.416462500548232128e+01
-1.391129051679260931e+00
2.639842996014566956e-01
1.759853471581910855e-01
2.601238306729350969e-01
2.875978305410464841e-01
2.596727106588748057e+01
3.061797769820007731e-01
8.806623679477795230e-01
1.358065647908572593e-01
2.591583263289082284e-01
2.075268589388540863e-01
3.266227008501565443e-01
-2.425908826119170136e+00
1.698539491521056377e-01
-7.058262942642949955e-01
1.191021865845999672e+00
1.819697529638902300e-01
-1.844730044129248236e+00
4.309910007860455194e-01
-1.592766535908128667e+00
-1.178129645110913559e+00
2.356285181417844821e-01
-2.196824652723543991e+00
3.244739698714570464e-01
-2.649893064688372490e+00
6.930586769860409661e-03
4.745143060954231662e-01
1.201250179897206671e-01
1.946960502370171375e-01
1.504571962245712935e-01
7.275426388379521714e-02
1.278522544104661318e-01
7.645111969681778197e-02
-1.092242554168298518e+00
-2.343448694680016209e-01
-1.783367621152770477e+00
-2.218329198686432413e+00
-8.809229459013742658e-02
-2.264377311630563661e+00
-2.352357903063523548e+00
-3.163366110592569225e+00
-2.655419993415220503e+00
-1.742575445858633332e+00
-1.747325482057442425e+00
-1.398043103179833935e+00
-2.214160975098672601e+00
1.879165200816027351e-02
-2.420444102516295271e+00
-6.904532848171214710e+00
-1.423710056013213876e+00
-6.860312334220898478e+00
-1.215715264229953441e+01
-8.635687542900731373e+00
-1.216438707338518022e+01
-1.856660240315769927e+00
-5.533663898451479657e-02
-1.573610775791850713e+01
1.613788574922121744e-01
-3.403714893778646278e-02
-7.874121485134498499e+00
1.152147382000889286e-01
-1.631578927755956698e+01
2.006600013085855505e-01
-2.308912845698185379e+01
2.319530844802071834e-01
6.691971623325099205e-02
7.977418091424816338e-02
3.458514417752268089e-01
1.446111249747195071e-01
9.552054949762694980e-02
9.875631407450363719e-02
-2.005950585033306055e+01
1.004967160253974895e-01
-9.688404086155026462e+00
1.015703807464451019e-01
-1.178635992279882849e+01
-1.035677465345428028e-03
-1.227635656811042075e+01
-1.755989824764245533e-01
-3.282395394215466555e-01
6.394265229932530326e-02
3.839399468970390306e-01
3.225161325806809032e-01
1.438631195835834153e-01
-1.768694436583773211e+01
6.125720842274460370e-02
4.873810082408300270e-02
-2.005649342855050676e+01
-3.760330985719996733e+01
9.353017125909914020e-02
-1.804508493355710730e+00
-1.758393224795517540e+01
8.749363597195802811e-02
-6.236308324291508853e+01
3.189895160325337958e-02
-1.591334279557587479e+02
-5.408663740137296116e+00
-5.149005031900047413e+01
-7.036531305150411697e+01
1.061692703818107597e-01
