Number of epochs: 650-01
-2.084592314207040165e+00
-1.344379988972930207e+00
1.889410851633329391e-01
2.146432497055680011e-01
-5.238044190052255633e-01
-1.641922373259679446e+01
-4.083265879377719898e-01
-6.916200862868492338e-01
-5.849312111880835552e+00
-3.315322194063461847e+00
-1.493738566832930159e+00
-1.562654013812522713e+01
-5.980028191442483987e+00
9.718604727848174918e-02
1.490866313564171008e+01
8.462776566438223735e-02
5.920727747875861868e-02
-6.654718412091263913e-01
1.722755858330923540e-01
9.302056407828149243e-02
9.966168036272059216e-02
-1.242150738033680202e-01
6.278933924780451259e-02
1.089667256835527009e-01
-5.362363815363570263e-03
6.045497243695247686e-02
-1.509151428887146960e-04
1.729077392892485951e-02
1.096022682437487739e-01
1.270649699138593491e-01
-5.680604290539228440e-01
1.120303810542804673e-01
1.781590535093620919e-01
-5.425867022359227576e-01
1.179050996317584366e-01
1.379986630762115862e-01
-1.216423934104233218e-01
2.354400405098102111e-01
-1.707395246516633547e+00
-5.252741487511852769e-01
1.231688795649773377e-01
-1.830966383301660283e+00
-1.190115581391185950e-01
2.196392817799309449e-01
8.675701787436451706e-02
8.566380646198329396e-02
5.656661918644532161e-01
6.399021163498432863e-01
1.255979592063615480e-01
1.609064587218927700e-01
1.273065205689979384e-01
1.149989383959129918e-01
1.565841300027667471e-01
8.063898105964424634e-02
2.752341247288546677e-01
-3.036609812327925595e-01
-4.013779786201536470e-02
3.062802296655512957e-01
-2.885016212776692957e+00
1.011103660894614176e-01
8.654779873273570068e-02
-9.916605069171413600e-01
1.311102509788159287e-01
7.912733809354222103e-01
-1.004663497303221353e+00
1.369095731880413114e-01
-6.728408565671255559e+00
-2.563428066103072389e+00
1.805840268437640450e+00
-6.505584506636759023e+00
5.884991516021795960e-02
6.509485943093896998e-02
-1.143282139053185320e+00
-2.686657432049341043e+00
7.988184224094542485e-02
-7.643666774268081943e-01
-8.083033451423117244e-01
-3.979608995328247634e+00
-1.220842377278840152e+00
-1.724878849490409483e+00
-5.315487970885798497e+00
-4.803205585918548515e+00
-5.787533830617968000e+00
-7.124981023102294753e-02
6.382947524691187646e-02
-4.562773191209952728e+00
-1.405891439609063154e+00
3.978550585123683675e-02
-5.782643959430918690e-01
-2.287585013341261742e-01
-1.278840694911334808e+01
-5.040814319648663222e+00
-1.757165689580361678e-02
-1.106516836236075463e+01
-1.720243338866968452e+00
-1.325901976045834374e+00
-8.859685463725149646e+00
-2.444630442644998514e+00
3.602960196836036966e-01
1.600180418735785148e-01
2.875886372152575143e-01
3.594377572044517022e-01
1.902204343515802520e+01
3.547043345080667653e-01
9.943308203882935681e-01
1.392487869232906794e-01
2.561146594011047273e-01
2.046163305418998157e-01
3.834153330605916676e-01
-2.507362180427444631e+00
1.480840277311868403e-01
-2.910112389047468939e-01
1.277009138374645580e+00
2.096602470758716641e-01
-1.571813612998951282e+00
4.599048456667973461e-01
-1.984489396976513387e+00
-1.065564287935486965e+00
2.353017456292595677e-01
-1.846483180277861624e+00
3.875860188579947629e-01
-2.956624368475833098e+00
9.315974309620873514e-03
4.952983608002060611e-01
1.404187408186589603e-01
1.878864016577091733e-01
1.617131336352115589e-01
8.195206627488312023e-02
1.283222503401937054e-01
7.369512601066253998e-02
-8.016506401758468625e-01
-4.884387088882627403e-01
-2.349124861201659975e+00
-1.587293466311727075e+00
7.198202849044302298e-02
-1.678655281782477360e+00
-2.326733855769479664e+00
-3.537725032002800862e+00
-1.875520311558675823e+00
-2.167894572801387643e+00
-1.309997347643762522e+00
-2.470643632697067105e+00
-2.173700586515008748e+00
1.966937787114212896e-02
-2.377615590166724857e+00
-9.172429626115125245e+00
-1.323780211364826265e+00
-7.581903472210143491e+00
-1.045623268877630174e+01
-1.196824372776782575e+01
-1.762537276139564568e+01
-1.613980725763016544e+00
-4.309257626551113440e-02
-1.435063425549083860e+01
1.494456134930445268e-01
-5.917512984365049661e-02
-7.745358609467491107e+00
1.183438726895183479e-01
-1.593513058963945461e+01
2.311179219977814447e-01
-3.383067319772121806e+01
2.134927790951960391e-01
6.990318860402401635e-02
8.956552606974164943e-02
6.737266101714940725e-02
8.574511169998724758e-02
4.592866541131460784e-02
9.300860285266991656e-02
-1.864614971050966119e+01
1.109947792817370105e-01
-5.007136878002140357e+00
1.124261118365031398e-01
-1.095216849605487219e+01
2.355589283571201883e-02
-1.296467002167774218e+01
-1.516319390864146466e-01
-3.610980482090468402e-01
6.538314441326061044e-02
4.218928647914281793e-01
3.304640492023235843e-01
1.284106515987036290e-01
-1.701097919571236261e+01
6.547236317050685039e-02
5.984065933766401918e-02
-1.906731010259547077e+01
-3.059424336440183012e+01
8.417251813517871717e-02
-3.819146052849181627e-01
-1.719115050126906752e+01
8.099328954532915292e-02
-9.276446189112839136e+01
4.597236507958543661e-02
-1.082600635879157807e+02
-3.496579118338954739e+00
-6.079366858451282241e+01
-6.867711559583304393e+01
1.104478602925442060e-01
