Number of epochs: 184001
-2.141446282578655769e+00
-2.038813216797105365e+00
1.856605906214482404e-01
1.705887367674783495e-01
-3.867537455550058012e-01
-1.636777793077133936e+01
-1.451970005581569190e+00
-6.485012257391030710e-01
-6.650966670605416908e+00
-3.455889016883443077e+00
-1.803780703926633144e+00
-1.160044338592268254e+01
-6.228963737375845078e+00
9.348455503081505580e-02
2.282186903181915127e+01
5.537399160335074177e-02
5.431601060159406413e-02
-6.488587681240688410e-01
1.795068275790383527e-01
1.072497699858925013e-01
1.052121898796971322e-01
-2.522760755319493620e-01
6.009080317006632727e-02
1.255693417219145291e-01
-8.295698949144492129e-02
5.750993698251920944e-02
-6.956720763909653160e-02
3.244808050217922596e-02
1.107501464701314553e-01
1.263275219772037050e-01
-4.578842295785359173e-01
1.064635340332038410e-01
1.823166884476879190e-01
-5.113532303674603874e-01
1.317905044047714691e-01
1.352230573783055612e-01
1.362757518857563542e-02
2.495012601596597324e-01
-1.777701379004326787e+00
-4.223476303863097359e-01
1.331372131011085425e-01
-2.039699939446024235e+00
-1.588993440861817263e-01
2.313917770593200696e-01
8.353900642559732026e-02
8.184351529249164758e-02
5.508935851329190836e-01
6.046268418845570647e-01
8.904114270629735761e-02
1.722775058769503986e-01
1.125729160420283759e-01
9.621745582155345755e-02
1.556159139283697923e-01
7.764856995111896198e-02
2.656358112494932588e-01
-3.486446237103538737e-01
6.871887078974883711e-02
2.860729028524525708e-01
-3.088612642378721684e+00
8.956427813614967204e-02
8.259801500117591733e-02
-1.224761432927237825e+00
1.492629638344779575e-01
7.286083624451193952e-01
-1.169541205474288192e+00
1.278863473201601875e-01
-5.302390823075640469e+00
-2.415954001243546756e+00
2.011433140977171963e+00
-6.950227041849785792e+00
5.926761560918581556e-02
6.325199508403757387e-02
-1.478744759317759838e+00
-3.445665017308174427e+00
7.237356147507444104e-02
-5.734731243602624318e-01
-1.623599711667202516e+00
-5.553917457068254571e+00
-1.517884797040581990e+00
-1.543431593960665316e+00
-5.148076832823222482e+00
-3.510095951769514500e+00
-5.214434685961615301e+00
-7.658635466141101855e-02
5.360334745501225268e-02
-4.519213365155541062e+00
-1.871649917320579837e+00
4.577580977896256176e-02
-4.936458271574167833e-01
-3.549171227811265816e-01
-1.397433418568982511e+01
-5.425057492852082497e+00
-1.943082910227490745e-02
-1.285719420850846006e+01
-1.689995001064154234e+00
-1.529694783726146756e+00
-1.489494720865026878e+01
-1.160695691142061836e+00
2.789694534823255467e-01
1.696846017919137750e-01
2.717693283934600190e-01
2.940321803205397933e-01
2.365966442666085001e+01
3.101648431230114578e-01
9.140045391929707552e-01
1.378682712885687389e-01
2.670025634111050095e-01
2.132308703275148376e-01
3.284533623800608426e-01
-2.184993456747208018e+00
1.543222405346556525e-01
-6.872180128757239270e-01
1.227193729407011880e+00
1.936797327329668750e-01
-1.926508699009737313e+00
4.275087112959130575e-01
-1.605716036456800166e+00
-9.876592760791976788e-01
2.442046370637694364e-01
-2.237464880853843763e+00
3.310189556353721474e-01
-2.581475571695368565e+00
-2.532061627039484085e-03
4.719792053726759029e-01
9.940468349501652146e-02
1.994329613842671101e-01
1.534236794693637218e-01
7.182085661059950388e-02
1.387152680417925443e-01
7.646653435657629894e-02
-9.036051352534929526e-01
-2.241160563121319671e-01
-1.734915249698063322e+00
-2.504510543582552540e+00
-2.286784699661846276e-01
-2.242675159960976217e+00
-2.490009437199537157e+00
-3.566402662826045677e+00
-2.356622946725435597e+00
-1.804774110398177589e+00
-1.678277124303931833e+00
-2.285238190765310762e+00
-2.181556500331673476e+00
2.232576190084890541e-02
-2.566487405175648551e+00
-7.421816970466071695e+00
-1.467628786668761620e+00
-7.337424226668601612e+00
-1.061316796594561573e+01
-9.329345425415450421e+00
-1.404714533392959730e+01
-1.773892670253098158e+00
-6.474030944041905822e-02
-1.403646937031779096e+01
1.635916599826602591e-01
-7.437717490085306304e-02
-8.328830564451411789e+00
1.189242375538042268e-01
-1.394605969742365836e+01
2.139490612407678738e-01
-2.234055236773395592e+01
2.449834456748021527e-01
7.127613238369322202e-02
8.156472017259110141e-02
6.719298999231525238e-02
7.282292735609831313e-02
1.288764102507283238e-01
9.426020431587024684e-02
-2.121510249374099999e+01
1.035644300556389230e-01
-9.150980528106158474e+00
1.049180250207156634e-01
-1.113214139183959261e+01
1.470038139895828329e-03
-1.383380107866394404e+01
-1.337692870199658490e-01
-5.327261564466673205e-01
6.737333459416837422e-02
3.837130887861533446e-01
3.206728204537125926e-01
1.431530219145474292e-01
-1.788068010048708700e+01
5.723662671718992428e-02
5.102676034944091804e-02
-1.959972318971094651e+01
-3.705718956523527652e+01
9.738255008654819744e-02
-1.337456622333540679e+00
-1.798377228100700265e+01
8.983369315822861689e-02
-6.865602580964181811e+01
2.883213626732458387e-02
-1.410466974688914945e+02
-4.066994981786153041e+00
-5.872686566135533326e+01
-6.746759069408808784e+01
1.021953392836214003e-01
