Number of epochs: 210-01
-1.896179525191201476e+00
-8.877769399205814871e-01
1.727541837518133117e-01
1.218243521845914085e-01
-3.985801016202388802e-01
-1.360534610807589750e+01
-5.276898900313164997e-01
-8.506009879360370007e-01
-6.270357397858891346e+00
-4.120540404329337214e+00
-1.449767089313870327e+00
-1.631775935740211025e+01
-7.966854394869954170e+00
8.671889313106748154e-02
1.135430708793152021e+01
-5.440325947985556049e-02
1.334109396313453572e-02
-2.022390275534430570e-01
1.622730884711758859e-01
8.692689609797041306e-02
9.633839162606908091e-02
2.620801856244210984e-02
5.747878897660657627e-02
8.722128244979736322e-02
3.135164316056000128e-02
5.488673808585198266e-02
4.063615601986740600e-02
2.379626117175404065e-02
1.108016260743643899e-01
1.152222193542578876e-01
-4.229764355968065881e-01
1.018764131239332932e-01
1.724809324744912553e-01
-4.870108721268958107e-01
1.115744188644482576e-01
1.251490260765071583e-01
-1.398056763692939464e-01
2.012892610987307984e-01
-1.215310458848053443e+00
-2.595492806400775399e-01
1.121658906124715915e-01
-1.942097339508709331e+00
-1.517840445050486486e-01
1.800946850773480212e-01
8.390005475107711885e-02
7.436710261817773560e-02
5.446555311227712082e-01
6.317300902575214705e-01
-1.072218136023964097e-01
1.502230513874270867e-01
8.232961346323909579e-02
8.519549064628709201e-02
1.527827387306306683e-01
6.750220346948182515e-02
2.487671857019213562e-01
-2.866214357805743629e-01
-5.605343755601733396e-02
2.985958939967406356e-01
-3.507830863668520927e+00
9.812729394860507381e-02
8.548766356096515473e-02
-9.814348874740322914e-01
1.185507585650790452e-01
7.282222353725225084e-01
-3.548236949084471736e-01
1.387040312376940643e-01
-7.089518417927608063e+00
-2.555933595443029116e+00
1.497395386549438268e+00
-5.522539804096352256e+00
6.246848388093093757e-02
6.081849606354811089e-02
-1.459370854679292506e+00
-2.353926745697200396e+00
8.263707377131275511e-02
-5.761412076419841766e-01
-6.210344680342783086e-01
-5.427728302950722394e+00
-8.122845862719552112e-01
-1.773425627807312610e+00
-5.374849652561061397e+00
-5.362504167827018442e+00
-5.525629878394920702e+00
-1.160688653930607439e-01
6.610443696269195646e-02
-4.486969272304011547e+00
-1.013619783422256004e+00
4.263404432730953653e-02
-3.441794890895122916e-01
-1.692832452739378157e-01
-1.362340083982140371e+01
-4.461915572763741622e+00
4.102941363537813274e-03
-6.937475059979233194e+00
-1.770351945628384271e+00
-1.046425189009287715e+00
-8.681299903851749988e+00
-1.276272344891392407e+00
3.921897224626758049e-01
1.490098243415926837e-01
2.210988221145643307e-01
3.262068671158341870e-01
7.051203431168850067e+00
3.666506768556959117e-01
9.133319686380885205e-01
1.265111956513489400e-01
2.191948648443187986e-01
1.757440590378322176e-01
1.839853701771583805e-01
-2.108529871948269019e+00
1.490848323506770434e-01
-2.832271520333967674e-01
1.257249825738243176e+00
1.923674746026185767e-01
-1.245490083958464389e+00
4.446409538617643875e-01
-1.581026875604250259e+00
-2.980130532865692961e-01
1.908583849572202396e-01
-1.820420771104815039e+00
3.438595914150558430e-01
-1.855684856889437517e+00
-2.891352578118431063e-02
4.963865965194556029e-01
3.609866032034076116e-03
1.699172555278139207e-01
1.584539320082735125e-01
6.137329241362581012e-02
8.374810703731697115e-02
7.103837499769306840e-02
-9.535063677211305100e-01
-3.615043923146874505e-01
-1.774621333777241849e+00
-1.358944074752608921e+00
-1.833291526515470060e-01
-1.480825273442886836e+00
-4.823505433136407561e+00
-3.005669064231646370e+00
-1.731764256047378714e+00
-3.025196280950533723e+00
-2.016325038400257785e+00
-1.761007946984626482e+00
-2.355826587793780291e+00
3.090929702824448538e-02
-2.402529167496934903e+00
-1.451755647350512568e+01
-1.301467409793060970e+00
-3.292813269062264681e+00
-1.389133644778876331e+01
-9.443877728014996364e+00
-2.241391438013844351e+01
-1.946592949301970688e+00
2.683916535131872227e-02
-1.381459288058304757e+01
1.435164844254180894e-01
-2.312808740864826657e-02
-7.557122450212048648e+00
1.045163889128083029e-01
-1.581498247009702851e+01
2.339202006242925291e-01
-3.722094260050251791e+01
1.608763285076535432e-01
6.938603864662271081e-02
8.158855938813523723e-02
6.298798787848777780e-02
8.236824597134793924e-02
-6.763388566863681728e-02
1.006377001929992659e-01
-1.610913275694961655e+01
1.238992758602234928e-01
-8.082608079121550659e+00
1.076026835813206350e-01
-1.010343463885189941e+01
1.227445297803098911e-01
-1.109729225472983138e+01
-1.482319869735765905e-01
-1.867830863602375907e-02
4.759135304749287365e-02
2.803243607480253030e-01
3.090785525351578134e-01
1.217941947801556152e-01
-1.157762335984720004e+01
5.032575600690672446e-02
4.374727608662225958e-02
-2.541970645305538667e+01
-1.742091630365266397e+01
9.211644266389136526e-02
-1.792284099843196588e+00
-1.872229195347762598e+01
7.889298353817433829e-02
-1.568746132527521411e+02
3.235803426550451500e-02
-9.636007815061179826e+01
-3.210430596994003238e+00
-5.047638432018966625e+01
-5.394243821013333928e+01
1.162383553766166006e-01
