Number of epochs: 408001
-2.177283382832149616e+00
-2.154707100710127499e+00
1.682734063643816225e-01
1.431983240078724406e-01
-6.162719376707453955e-01
-1.613396165692886441e+01
-1.580175680274790384e+00
-6.912784351007217332e-01
-9.645185309220291714e+00
-5.126514348199488147e+00
-1.792432663862618014e+00
-1.292994950279495825e+01
-5.357007639860002612e+00
8.786764196887834888e-02
2.258550898075145241e+01
5.523224000591271665e-02
3.961171856168652777e-02
-7.079832012755444826e-01
1.920993922339893634e-01
9.811742576920508274e-02
1.093433882740510732e-01
-2.856156846183507958e-01
8.007501226142382800e-02
1.028784763626567206e-01
-1.289228324995337072e-01
5.460014998424669169e-02
-9.719990872485084754e-02
2.906472144025420284e-02
1.119492380636022966e-01
1.220181624973579043e-01
-3.807905894602309771e-01
1.011352579673452101e-01
1.622137052778242217e-01
-4.316089041429366224e-01
1.177061136532240593e-01
1.297003551469501359e-01
-5.397699638380121928e-03
2.636135676405523820e-01
-2.262537730872074881e+00
-3.883657777538566669e-01
1.170623855860684071e-01
-2.195904374791685765e+00
-9.831933891708377615e-02
2.192260627242562376e-01
8.686677695653961806e-02
7.884031963944256038e-02
5.540227197581050200e-01
6.446909226572665741e-01
8.097216688525794848e-02
1.629136727028652754e-01
1.183682986776229407e-01
8.743798359279139620e-02
1.465074371206195047e-01
7.700963298675572721e-02
2.874580724171825752e-01
-2.013059717177741736e-01
8.744088782081366196e-02
2.818361424099297130e-01
-2.820012548280702358e+00
8.315592679141686761e-02
7.851123147759697662e-02
-1.558373717700065608e+00
1.357165232961639600e-01
7.554009846705858067e-01
-1.279650113662880395e+00
1.196982080594124892e-01
-6.036374491313863722e+00
-2.493560655037046381e+00
2.114653133836903010e+00
-6.511220752150968849e+00
6.725234375861141589e-02
5.928301496319658692e-02
-1.594581931234078320e+00
-3.283365537609590934e+00
6.661696205148012750e-02
-8.641845734858800698e-01
-1.523713456059094806e+00
-6.228930996859738833e+00
-1.589688227752512395e+00
-1.548194126305266982e+00
-4.426178427721809250e+00
-3.497815538115810696e+00
-6.579591183258155063e+00
1.605633232436028401e-01
1.141029916247962017e-01
-5.543260621017966017e+00
-1.701367575406327548e+00
4.650769851215388884e-02
-5.363547780776579676e-01
-4.235413678300520290e-01
-1.399649204621737297e+01
-4.647802304708378074e+00
1.821927909714565752e-02
-1.229827141333253415e+01
-2.412487306311060120e+00
-1.490548916477496544e+00
-1.532093002492678302e+01
-1.584326979773901023e+00
2.347096894071033224e-01
1.810803083398654645e-01
2.382185510241998372e-01
2.715630296101185781e-01
2.639049802993056204e+01
2.899734059848005918e-01
9.799322032835596774e-01
1.252189954056136534e-01
2.623230917555290365e-01
2.032666875168888665e-01
3.167021053793366847e-01
-2.016725220965319920e+00
1.534509206063038311e-01
-8.785440348646381681e-01
1.276425801529760262e+00
1.739481270475489172e-01
-1.818177038796347622e+00
4.329968010396624822e-01
-1.626166207952449039e+00
-1.316518701381319767e+00
2.335314350823344542e-01
-1.918676546540154737e+00
3.051456353974151270e-01
-2.596466178977101080e+00
-1.349397228180005369e-02
4.783274944933628148e-01
1.045215273538408346e-01
1.877908498340936372e-01
1.411348083734416670e-01
6.709297815221353101e-02
1.117091595805509707e-01
6.960271946674195798e-02
-9.926908287451213786e-01
-2.449932130086565629e-01
-1.682058083907534529e+00
-2.383965726211955349e+00
-1.709391721572067480e-01
-2.280472579924874843e+00
-2.468862985347922478e+00
-2.806211954697107380e+00
-2.407882616814602361e+00
-1.730196444090240426e+00
-1.791686451317979101e+00
-1.681743856627202716e+00
-1.878891577798857071e+00
8.431284977764193223e-03
-2.663146136784569684e+00
-7.985880007288584714e+00
-1.960719143507852147e+00
-6.952519652792435778e+00
-1.073978379133924221e+01
-8.861286186280924682e+00
-1.155078203842252371e+01
-1.794782981952455225e+00
-5.145704621932207373e-02
-1.523548010688492838e+01
1.838803267604810221e-01
-4.519014661010414824e-02
-7.621682970559719550e+00
1.108140456355962700e-01
-1.575541977441738517e+01
1.778346072086311180e-01
-2.732545741075349355e+01
2.222157705065514188e-01
5.614714022625118262e-02
9.001578565148048161e-02
2.207558732090142972e-01
1.062674362158313041e-01
8.126279673307471030e-02
9.214778173368851077e-02
-1.820396601994143637e+01
9.572970929098394144e-02
-1.063736072570492652e+01
9.624296521266534343e-02
-1.480184603710672242e+01
-1.736905753495592702e-02
-1.231647795672134471e+01
-2.069175601282516597e-01
-4.332526860389578349e-01
6.802437652333008511e-02
3.884323287719794182e-01
3.380338850228800651e-01
1.327570136924405009e-01
-1.836738228280949770e+01
5.639361042989161216e-02
9.514191638273046536e-02
-2.182733909582099230e+01
-3.461116358661827519e+01
8.690672307201223468e-02
-2.314926484750681634e+00
-1.594935280015896062e+01
8.816273269251956313e-02
-5.622044847869261019e+01
1.766697464807721191e-02
-1.975845970411374708e+02
-5.411062922063881508e+00
-6.524697344057346982e+01
-6.964718692424676760e+01
9.909539736894069917e-02
