Number of epochs: 230-01
-1.893810152476277819e+00
-8.877769399205814871e-01
1.786745600818256952e-01
1.199872659495174188e-01
-3.527604625762584267e-01
-1.360534610807589750e+01
-5.142919650154268441e-01
-7.782631897414574729e-01
-7.775565288035657385e-01
-3.999687276046221651e+00
-1.449767089313870327e+00
-1.563832546536377066e+01
-7.517422407327610578e+00
8.777621700947312033e-02
7.523300560555588490e+00
-5.440325947985556049e-02
2.015397818039685318e-02
-2.022390275534430570e-01
1.653299752705174042e-01
8.697608956604667430e-02
9.545066282427011606e-02
2.864234813746989808e-02
5.919998401143571065e-02
8.867806453377090337e-02
6.360870463429476457e-03
5.555888180638065416e-02
3.926642341884083870e-02
1.286246926643730415e-02
1.109964358151312724e-01
1.180879169357097747e-01
-4.229764355968065881e-01
9.923954653318799168e-02
1.757477210606929741e-01
-4.870108721268958107e-01
1.103635596516631817e-01
1.255713779266908470e-01
-1.398056763692939464e-01
2.096052519829743888e-01
-1.095580005358876674e+00
-2.950029442569592208e-01
1.115184112420595092e-01
-1.942097339508709331e+00
-1.521642587586663764e-01
1.893414971427839766e-01
8.507808044733473907e-02
8.088747323095130115e-02
5.983027479277482907e-01
7.052230273488244716e-01
-1.072218136023964097e-01
1.524195091077697739e-01
8.384317917330134928e-02
8.623397266599938660e-02
1.550337303568397052e-01
6.698210680485319757e-02
2.619529459989483056e-01
-3.428537823716698019e-01
-4.913841665495396333e-02
3.162098678967544263e-01
-3.320156125996551300e+00
9.608395261545586707e-02
8.896273964721776450e-02
-9.902356726441263746e-01
1.185626726705790446e-01
8.274126041786298291e-01
-3.548236949084471736e-01
1.384530703826615528e-01
-6.672128804561452853e+00
-2.555933595443029116e+00
1.632612212777904137e+00
-5.522539804096352256e+00
6.402336446292759831e-02
6.514583324756811900e-02
-1.459370854679292506e+00
-2.353926745697200396e+00
8.048965292120187354e-02
-5.952190849955730778e-01
-6.235360927702907619e-01
-5.427728302950722394e+00
-8.086568085161535135e-01
-1.693892742293833020e+00
-5.374849652561061397e+00
-4.664538545431903493e+00
-5.525629878394920702e+00
-1.356533082145054969e-01
5.685761023517257873e-02
-6.581764594277506042e+00
-1.013619783422256004e+00
4.120744758581906808e-02
-3.441794890895122916e-01
-1.734849917482871040e-01
-1.362340083982140371e+01
-4.461915572763741622e+00
1.328539380427489619e-02
-6.937475059979233194e+00
-1.644206523736738035e+00
-1.063411289331812837e+00
-8.681299903851749988e+00
-1.742796462014836401e+00
4.174757453330126822e-01
1.495549357527456713e-01
2.328417733165123737e-01
3.522703647612089872e-01
1.626454513246852684e+01
3.860636861572426803e-01
1.055405539545101412e+00
1.279289232229668116e-01
2.285620203790740546e-01
1.835897167051023515e-01
3.855175765779629837e-01
-2.108529871948269019e+00
1.502002383374195227e-01
-3.012916030488274055e-01
1.454163091035375555e+00
2.011107135582902439e-01
-1.245490083958464389e+00
4.769830937162549689e-01
-1.581026875604250259e+00
-4.660845894914968923e-01
1.985879784032150985e-01
-1.708956750818357850e+00
3.629793318847301387e-01
-2.474119892997419523e+00
-2.860603967848342200e-02
5.381102678810185669e-01
2.983919933892972137e-02
1.736764792965704296e-01
1.602372097522565542e-01
7.152852190348746309e-02
8.841943324515122438e-02
7.192321002661380969e-02
-9.295938393528290211e-01
-3.704791388578075884e-01
-1.645009514528136929e+00
-1.567493038896906166e+00
-1.879976514890993322e-01
-1.480825273442886836e+00
-4.534164003880786886e+00
-2.747487069395920578e+00
-1.671450617894814084e+00
-3.025196280950533723e+00
-2.016325038400257785e+00
-1.560453987791965202e+00
-2.134627406996865151e+00
3.374499052484065259e-02
-2.402529167496934903e+00
-1.451755647350512568e+01
-1.301467409793060970e+00
-3.151578068340751493e+00
-1.325558835963027349e+01
-9.443877728014996364e+00
-2.191060746164697903e+01
-2.158443123001575703e+00
-6.985017970347513760e-03
-1.381459288058304757e+01
1.443804985583475586e-01
-2.010121418940876564e-02
-7.426202201818263404e+00
1.076436201413717153e-01
-1.581498247009702851e+01
2.428387866254565208e-01
-3.604600489457449441e+01
1.638645234287758046e-01
6.829204227272403505e-02
8.385897745460879626e-02
6.733218300564008940e-02
8.374084976497993271e-02
-8.954109548672614660e-02
9.896304224424090634e-02
-1.538895503953494881e+01
1.211066593090654592e-01
-1.911672944619251524e+00
1.025983088604393578e-01
-1.038613802077302850e+01
8.871721432835498466e-02
-9.748150282520944288e+00
-1.482319869735765905e-01
-1.233881194898779100e-02
5.199173367075288904e-02
2.947837468670912453e-01
3.303151063016454558e-01
1.218991724361767337e-01
-1.047875764641519680e+01
5.397881397667646242e-02
4.783039454932916379e-02
-2.541970645305538667e+01
-2.094244840839509436e+01
9.076817134271973619e-02
-1.792284099843196588e+00
-1.783809997297712613e+01
7.829746160064160465e-02
-1.568746132527521411e+02
3.863614385229107578e-02
-8.439613158797587289e+01
-2.817226563409529039e+00
-4.689624570012646387e+01
-8.457644350389520582e+01
1.135709181786796196e-01
