Number of epochs: 70e-01
-1.260033585012612978e+00
-1.876311604091320362e+00
2.205778953564460076e-01
1.516997730177094827e-01
-4.000468625070928708e-01
-9.765177723821441447e+00
-3.268719992147162134e-01
-4.748460347846261698e-03
-3.281915624848215085e+00
-2.076160770460177218e+00
-5.571163380756234407e-01
-1.472506401172568324e+01
-2.448197591930862060e+00
1.137392062034664197e-01
1.135430708793152021e+01
-5.681959833992787645e-02
-2.878570557611989308e-02
3.888689174125433551e-02
1.990423999048723525e-01
1.106517056461462367e-01
1.314134958305469003e-01
6.968688879660293878e-02
8.329957560629823454e-02
1.133782319097982050e-01
7.332478906015893472e-02
1.082124812681060921e-01
6.081778263807347679e-02
3.255980275580173944e-02
1.674874759961912929e-01
1.346461079879158473e-01
-2.697849099973962939e-01
1.471737981698905406e-01
2.291948558838207417e-01
-7.393101500896052114e-01
1.582740792525162143e-01
1.627568066242882361e-01
-1.457513905354983763e-01
2.514999548576538624e-01
-1.761154174787128879e+00
-9.890218633796958592e-02
1.630201047388499525e-01
-4.317552618623963223e-01
-3.877799446321128496e-02
2.214494911660906673e-01
1.236517836669483034e-01
9.865541835600032117e-02
3.882013535282708427e-01
4.807103502403161643e-01
-3.512024422315900701e-02
1.791588968369459967e-01
1.029198954204028349e-01
1.094273464990020289e-01
2.067698039958142664e-01
8.636141504324031104e-02
2.807292522758788045e-01
-1.316531305208670233e-01
-1.350774077455181854e-01
3.218277132581798816e-01
-5.080275255620111174e+00
1.490571839171620228e-01
1.372926854370781213e-01
-1.036076446128182393e+00
1.532479341389185179e-01
4.443263491020220668e-01
-4.137532910735824965e-01
1.851223615407417700e-01
-8.453161664231167549e+00
-3.925182954145479464e+00
1.084551952347065251e+00
-6.757753282100265046e+00
8.691217213768474836e-02
8.203903223469365125e-02
-1.145222212564342312e+00
-1.040930595614418364e+00
1.554935270381627155e-01
-3.159711238085345930e-01
-4.598444060245083786e-01
-2.481482182232825462e+00
-8.490646424590106989e-01
-6.029091090261295971e-01
-7.345572373319543935e+00
-1.827642314378087995e+00
-5.364288909366520919e+00
-4.196629713931319949e-02
1.169002702417047956e-01
-4.950403549415351989e+00
-3.410960052566642808e-01
9.681348779981553687e-02
-4.728489266185126327e-01
-1.222810017462755972e-01
-6.321383921864033084e+00
-7.330497531990229021e+00
6.533274214960686777e-02
-7.839456319310704302e+00
-1.026614326046205505e+00
-8.386015183755881619e-01
-1.164303356074253237e+01
-8.748555484721514119e-01
4.518411421310852272e-01
1.950186905253500080e-01
2.544307354681828448e-01
3.447167136766815521e-01
3.373862690022501276e+00
3.696098721181298452e-01
5.318117563401387748e-01
1.631884605933147936e-01
2.421554611237150823e-01
2.152339098331560729e-01
2.301843441486206010e-01
-1.809791653797415023e+00
2.157232123223818687e-01
-1.181654833376839381e-01
6.186945844612807832e-01
2.660711991250225283e-01
-5.620858270804591772e-01
3.734162194073010754e-01
-5.678756779774449814e-01
-6.401309402712466179e-01
2.304877515544015987e-01
-2.571394733370616859e+00
3.590186330112776214e-01
-1.907977701351210476e+00
9.331106608712458339e-02
4.176624268489571024e-01
-1.411750383429674800e-02
2.184837551994205929e-01
2.011002007024974281e-01
5.640520187644257333e-02
1.299610689553926668e-01
1.066018555338141965e-01
-3.247398146405700570e-01
-3.741574944500128397e-01
-8.132701877293612158e-01
-1.746808980669492861e+00
-5.042330419171914269e-02
-3.728458551634803442e-01
-9.484687162095990942e+00
-1.634088603680182938e+00
-1.788671972445160518e+00
-5.429743656075387559e-01
-8.174711334953874697e-01
-2.379040916902499081e+00
-1.701161902109757262e+00
7.657319591495634348e-02
-2.892695449959842513e+00
-5.135709144123506320e+00
-4.498788749420548072e-01
-2.645803976984459904e+00
-2.277580113052326993e+01
-9.507734166550408261e+00
-1.067675366585247154e+01
-2.410651697400734150e+00
2.633123951969902621e-02
-1.970034319841800041e+01
1.725010147016905748e-01
8.567054859773155784e-02
-8.101500789839567673e+00
1.356936352571384841e-01
-1.738491555934650989e+01
3.304958001596217665e-01
-2.193450004898672390e+01
1.546691906714429410e-01
7.721692640536376162e-02
1.181854125599914873e-01
9.853030651915771487e-02
3.527503790264837485e-02
-1.747460149903349094e-02
1.304326869368215847e-01
-8.106342043994693825e+00
1.577756567845862712e-01
-8.630403088434572823e+00
1.510493733405657291e-01
-7.277125251348740775e+00
-2.262887105848952751e-02
-2.374324929882235580e+01
6.835297668742511268e-02
1.498517034587453639e-02
9.764765163324301556e-02
3.240987207011367111e-01
3.379023622973859609e-01
1.369758705469969473e-01
-1.153459699039985153e+01
9.736352946488933957e-02
5.335347384199002480e-02
-3.196174909107548956e+01
-1.578346613405964405e+01
1.480708949383806872e-01
-1.593595501276152238e+00
-7.095101403367503501e+00
1.117336286957027330e-01
-2.136800378984019488e+01
4.167900588630631814e-02
-1.183173299457077974e+02
-3.324571074916940816e+00
-3.834975973072987898e+01
-4.533169327531958714e+01
1.721859890036261109e-01
