Number of epochs: 740-01
-2.028621024984284649e+00
-1.367344900854287282e+00
1.919176593324873892e-01
2.057713171347071435e-01
-4.996992601953834656e-01
-1.533868873677285372e+01
-9.091774550117495135e-01
-6.621139427185227522e-01
-5.669601466945695556e+00
-3.293273937293263121e+00
-1.431297273755082866e+00
-1.489245337959178173e+01
-6.306466267983152463e+00
9.512507508262878220e-02
1.587365773385528200e+01
7.719267339931967786e-02
9.789957391489524652e-02
-6.289122895011314274e-01
1.744834738058850532e-01
9.425523985433929830e-02
1.056270648301876475e-01
-1.413717752043117115e-01
6.304621495923816432e-02
1.103313823342120387e-01
-3.046992178748824179e-02
6.026561001485333108e-02
-2.325953033249125203e-03
2.096237401399811753e-02
1.077461491875695287e-01
1.255319440891335958e-01
-4.880139678641234879e-01
1.107594856922110294e-01
1.795392920223304600e-01
-5.164153656804209014e-01
1.170947299229955912e-01
1.399419709043211169e-01
-9.022734383176465867e-02
2.323888691578942789e-01
-1.684195681763619001e+00
-5.359499000479142072e-01
1.256467395463439773e-01
-1.884641029242340560e+00
-1.583485476136634318e-01
2.194087470088721958e-01
8.727132058550053639e-02
8.456012700635984203e-02
5.693989405128560000e-01
6.484089478441433796e-01
1.137076107529929742e-01
1.629067210308436653e-01
1.216434516368349178e-01
1.117879106409438439e-01
1.566492475612649149e-01
7.798258988585504703e-02
2.766530494028959231e-01
-3.374379831741711189e-01
-2.933745635629118192e-02
3.064138840398082375e-01
-3.070704336878878227e+00
9.850070050011559830e-02
8.651179450578674879e-02
-9.985190654669028332e-01
1.298206380716850905e-01
8.079925916710994915e-01
-9.282242490440205662e-01
1.362963864139866144e-01
-6.845728005092032831e+00
-2.335918317765698582e+00
1.801119972259751734e+00
-6.416735527109699078e+00
6.055416762191410257e-02
7.351853258258221613e-02
-1.380818356120874224e+00
-2.758853160745384336e+00
8.089543874045157512e-02
-7.283981216835409001e-01
-7.936070168389337542e-01
-4.405875770816050974e+00
-1.193826270938145750e+00
-1.893643259826501835e+00
-6.463177636619034772e+00
-4.467329315162898773e+00
-5.483568964051688255e+00
-5.733623229365597540e-02
6.138079867437717940e-02
-4.320275154428369291e+00
-1.517250876661425441e+00
3.995369455930856267e-02
-5.547217003547886272e-01
-2.287585013341261742e-01
-1.303781749972852566e+01
-6.696815220168145899e+00
-4.209113550645060542e-02
-1.143798079937980638e+01
-1.631797896261352410e+00
-1.767948306669423264e+00
-1.098645267312198115e+01
-2.444766212016348916e+00
3.481154627932129819e-01
1.630481932005723167e-01
2.872156452327131460e-01
3.544444627572684303e-01
2.010456483247555681e+01
3.519818670597339438e-01
1.015856343533488859e+00
1.390734831877176725e-01
2.551662476600408680e-01
2.083215962199394256e-01
3.679703105349655945e-01
-2.431196047660538984e+00
1.460790848731851332e-01
-3.662360085627783812e-01
1.332471748975492476e+00
2.103202138422314293e-01
-1.649842661127223220e+00
4.511376418609128747e-01
-1.916464090778294160e+00
-1.031030353953407586e+00
2.346644076823863334e-01
-1.794979806870028893e+00
3.744623395932304977e-01
-2.899575050459609393e+00
2.091557245887395999e-02
4.944728908381893495e-01
1.298939062761962082e-01
1.910673478517644075e-01
1.625379709759824931e-01
8.142634461247499900e-02
1.240496383886792453e-01
7.470608886194385345e-02
-9.179000549944537068e-01
-4.758847232451708376e-01
-2.246311165094214246e+00
-1.591338048752368062e+00
-1.178246853176499569e-02
-1.677825553874387365e+00
-2.546237612917182425e+00
-4.045899064621480079e+00
-1.810660771768290545e+00
-2.259923524820094176e+00
-1.270137260753859687e+00
-2.447464895151085784e+00
-2.090966091009213379e+00
2.009318540146611681e-02
-2.305263918511752941e+00
-9.322442625338858591e+00
-1.318905846150877137e+00
-7.647606545425102986e+00
-9.683195931985521199e+00
-1.167718000974734771e+01
-1.707378078197891824e+01
-1.600004049271779749e+00
-4.453020591060304761e-02
-1.440458117067307242e+01
1.499234182361401935e-01
-6.713868280428296476e-02
-9.432188794137589483e+00
1.165314100094869409e-01
-1.635493356849441682e+01
2.231665531260987045e-01
-2.984538848952385592e+01
2.270362171488555514e-01
6.834903406072607990e-02
8.759358323368725274e-02
6.452682787635806438e-02
8.382865600832331565e-02
5.162957956108311236e-02
9.195206052521173734e-02
-1.844561971414843171e+01
1.098836598945096138e-01
-6.164217873028775330e+00
1.097712872741739426e-01
-1.073748250445714802e+01
1.926916301199200349e-02
-1.283415013035246410e+01
-1.491134390893439077e-01
-3.981693320614910769e-01
6.539577022883300006e-02
4.146825752007572419e-01
3.327084117298801935e-01
1.264394318477884416e-01
-1.617916095350145156e+01
5.958852188157399976e-02
5.608641132667865209e-02
-1.827459824737797334e+01
-2.798236014096885427e+01
8.462854994029711531e-02
-4.100539919206764305e-01
-1.834315991774883159e+01
8.034038631450783619e-02
-8.733902447362120824e+01
4.536298629041072422e-02
-1.085587054210933218e+02
-3.393724912173296193e+00
-5.950910061305565790e+01
-8.245864787024474651e+01
1.097193893049817487e-01
