Number of epochs: 109001
-1.898867655809259869e+00
-1.635805545064488387e+00
1.914896814180596651e-01
1.960782975755403224e-01
-4.173884423831816792e-01
-1.597747819628595956e+01
-1.314084069933292076e+00
-6.754241078750709004e-01
-5.212866613699679519e+00
-3.249358278407814993e+00
-1.463342417657089278e+00
-1.254972823545040050e+01
-6.633564421546140899e+00
9.515076490569886192e-02
1.863665443376318365e+01
6.757062944882843980e-02
7.092046420664717410e-02
-6.752637570139553569e-01
1.806301454658222616e-01
9.555080785246902741e-02
1.066584384443096528e-01
-2.164967725125915843e-01
5.913369327830757249e-02
1.076132193176681240e-01
-3.732684698459547146e-02
6.632974488894596843e-02
-9.584650138113735840e-03
1.766309499809636321e-02
1.044514871073388418e-01
1.259345791603009579e-01
-4.211417916530079131e-01
1.093091786555269035e-01
1.883223533157782625e-01
-5.293503856785861661e-01
1.166952341820265276e-01
1.391689515975572389e-01
6.130638967111861487e-02
2.593815943029826321e-01
-1.755505227438081572e+00
-3.380930494315603774e-01
1.218911158597851541e-01
-2.010262883943379819e+00
-1.605675371807957497e-01
2.319121336869396643e-01
8.794966342625488986e-02
8.214782779952484182e-02
5.427856960286293608e-01
6.111668921309661995e-01
1.041589754609887619e-01
1.689002825792011997e-01
1.136330880994865650e-01
1.041602369772303971e-01
1.614874689642329386e-01
8.190884919088847749e-02
2.952682530688656715e-01
-3.524073808180236966e-01
1.527095031473577752e-02
3.123406978306411674e-01
-3.422321397715339053e+00
9.566525847399934279e-02
8.781958262824883510e-02
-8.189024312210149148e-01
1.294697678811009278e-01
7.550825194533494766e-01
-8.786000384312164790e-01
1.343120345672654814e-01
-6.682645361736029521e+00
-2.389436575038197397e+00
1.819523607314157854e+00
-7.490169030663129668e+00
6.133208539873697546e-02
6.721439404373837079e-02
-1.587554898925021440e+00
-2.857970825065340836e+00
7.850209996753915176e-02
-5.446441425533351532e-01
-1.617775060155159705e+00
-5.543724589811122705e+00
-1.146818002475782583e+00
-1.885435188867956358e+00
-6.070645165368421914e+00
-3.807834917903341054e+00
-5.039612407858162335e+00
-4.743660020219366696e-02
5.866412905844415465e-02
-4.143604910166260424e+00
-1.772958357647792083e+00
4.461207364814655935e-02
-5.659609907009192087e-01
-4.233445451127055281e-01
-1.471636465007481043e+01
-6.658238069990372487e+00
-4.585073417040875371e-02
-1.099719716260133673e+01
-1.473447895652953754e+00
-1.509231356784951794e+00
-1.188727979940757429e+01
-9.617249728031748157e-01
3.223717973720168772e-01
1.689239019492410898e-01
3.073223317722035275e-01
3.246504143716283930e-01
2.047246907691284790e+01
3.284101655641243900e-01
9.669359020721288722e-01
1.412166554216625902e-01
2.763406128588584143e-01
2.160496210196731770e-01
3.469498739210633564e-01
-2.584323720908778377e+00
1.431939737985205296e-01
-3.723935507536632050e-01
1.262045935722045265e+00
2.087401068985601515e-01
-1.583142279628296789e+00
4.481111474717821563e-01
-2.082408082223171863e+00
-9.734320933595129732e-01
2.471909201972369019e-01
-2.493422060437571197e+00
3.525687693915453003e-01
-2.580105378013112016e+00
1.829433472209245071e-02
4.734693070620069055e-01
1.181139553953696880e-01
1.954654631086671368e-01
1.606341041778626411e-01
7.942262177136694135e-02
1.650930688724180639e-01
7.621546430034985276e-02
-9.810269485813361001e-01
-2.740448679215619077e-01
-1.932681161228989364e+00
-2.520715274683876572e+00
-1.580029372240569219e-01
-1.729429931461262004e+00
-2.457899648779855450e+00
-3.830550335758347469e+00
-1.649389606290674770e+00
-2.142479969979329102e+00
-1.432429305473307490e+00
-2.285457932586385521e+00
-2.160698967481082811e+00
1.634977790564089151e-02
-2.768035583861527815e+00
-9.461158534274556331e+00
-1.639738814828973990e+00
-6.654238372456236839e+00
-1.116395376124122940e+01
-1.110179271987384020e+01
-1.828161918420437715e+01
-1.924107273029737053e+00
-1.194081188073051365e-02
-1.534049434913462306e+01
1.650119804718215288e-01
-8.395614549509174129e-02
-8.836014631576457390e+00
1.159087590207758811e-01
-1.468020211665363739e+01
2.261130638008639615e-01
-2.510927350107057165e+01
2.367584791561705981e-01
6.604221917460195712e-02
8.845942676101738178e-02
6.436950055711695984e-02
7.738126015445007111e-02
5.536081638684965667e-02
8.481603817971301862e-02
-1.870928026754809181e+01
1.066618814264290310e-01
-6.431857091732116061e+00
1.086723990410652513e-01
-1.148997342890150186e+01
1.780193396222886498e-02
-1.593068646296637070e+01
-1.386539554888661929e-01
-4.706082299737283647e-01
6.824776962747904074e-02
4.022470534111017293e-01
3.371513600806224642e-01
1.276332057004357923e-01
-1.758692426991065716e+01
5.800722348744621892e-02
5.482690948223729183e-02
-1.803847651809252994e+01
-3.174619229842971890e+01
8.571541078155034410e-02
-8.452929699300347766e-01
-2.118217111474480063e+01
7.916615110132789457e-02
-8.272511620828082357e+01
3.586629345077603503e-02
-1.052536281245595831e+02
-4.500817463672412089e+00
-5.501198246170011430e+01
-8.076212940579934241e+01
1.094262170629324987e-01
