Number of epochs: 179001
-2.132057183604412209e+00
-2.090666705830632743e+00
1.870693557423551423e-01
1.712897063286930865e-01
-4.179195118492967653e-01
-1.543420808949076850e+01
-1.468266362547777648e+00
-6.424315908271253095e-01
-6.650966670605416908e+00
-3.494102186838374813e+00
-1.827005116568217957e+00
-1.162187737636483575e+01
-6.099002515993110940e+00
9.305857426526205345e-02
2.289934425340630852e+01
5.501132027997534396e-02
5.431352846260505823e-02
-6.488587681240688410e-01
1.794315125662932497e-01
1.071904800429583221e-01
1.054126297884093455e-01
-2.513232382948547006e-01
6.000975102158609409e-02
1.258707042135563947e-01
-8.295698949144492129e-02
5.727809332423104000e-02
-5.956359030325077825e-02
3.062877377705797502e-02
1.107852086912827494e-01
1.260310393693437059e-01
-4.682747537593300868e-01
1.062274879051989807e-01
1.826171255285096717e-01
-5.189813150366071604e-01
1.319352271143817423e-01
1.351157615450815364e-01
1.505259791830731303e-02
2.541678336343146105e-01
-1.795853095716070769e+00
-4.320054525550074964e-01
1.336311806357321774e-01
-2.060476314385540242e+00
-1.736125732038911462e-01
2.325630991992761187e-01
8.317874057224791673e-02
8.150799157880939116e-02
5.600598098925491097e-01
6.137741434104154736e-01
9.009735415879684128e-02
1.663030273173183859e-01
1.128660357639492406e-01
9.590731421747032692e-02
1.557180830500952962e-01
7.720644028330941877e-02
2.697586825733049309e-01
-3.540586453442953196e-01
6.600155409590274802e-02
2.897823530511872137e-01
-3.098186931467526772e+00
8.938172343956987675e-02
8.235760912617079432e-02
-1.196888507079876707e+00
1.496040866111283396e-01
7.375141381001800722e-01
-1.166755714667189858e+00
1.270250338369744159e-01
-5.460747165117225244e+00
-2.437718571352473163e+00
2.040351818044185528e+00
-7.019557859105511000e+00
5.860508057421450617e-02
6.303857101297835608e-02
-1.521873069827512248e+00
-3.447103360568295027e+00
7.205781167961330946e-02
-5.667344142561181464e-01
-1.532525481408283818e+00
-5.631549674577024156e+00
-1.531888940953143541e+00
-1.538935578085506961e+00
-5.148076832823222482e+00
-3.539550302180877850e+00
-5.266200158552910793e+00
-8.638849663494956033e-02
5.416468128091835033e-02
-4.559780950180342352e+00
-1.895099934940452480e+00
4.585203811436339150e-02
-4.936458271574167833e-01
-3.389822157626343757e-01
-1.397433418568982511e+01
-5.425057492852082497e+00
-7.076513614991076714e-03
-1.278509641239413597e+01
-1.669350312727012842e+00
-1.568507646907395969e+00
-1.497534121730072165e+01
-1.125457571548357016e+00
2.833245958495496097e-01
1.694294862052653783e-01
2.761334887121150716e-01
2.978751657442870737e-01
2.365966442666085001e+01
3.141640434874219401e-01
9.271741270769454646e-01
1.376335749715777990e-01
2.711736796536866612e-01
2.143339365906399563e-01
3.336850893430682308e-01
-2.177278953481588175e+00
1.547457639966046128e-01
-6.767618991400766726e-01
1.246014202642054203e+00
1.956549243443961583e-01
-1.949532560076541854e+00
4.345120913837490773e-01
-1.635551495448191561e+00
-9.882844778872819091e-01
2.453133732365750386e-01
-2.260491955580413048e+00
3.360504939919224388e-01
-2.634513732296679400e+00
-2.325374408471227172e-03
4.787444246496667666e-01
9.933596266814037623e-02
2.006746323047563507e-01
1.536633781750753325e-01
7.285539499798363017e-02
1.389664932770388328e-01
7.590614955018644416e-02
-8.941543223131972473e-01
-2.220947641845469611e-01
-1.752977066066262912e+00
-2.527326497281257023e+00
-2.124753270456327947e-01
-2.293162983135695665e+00
-2.548384931177135826e+00
-3.594559917338021826e+00
-2.373992974167251191e+00
-1.808245532699458424e+00
-1.735283459665027506e+00
-2.312090111071992915e+00
-2.201074443287411864e+00
1.438150077634912233e-02
-2.596156084695787847e+00
-7.273045697324476144e+00
-1.484251510609647662e+00
-7.505030003067123090e+00
-9.864035140805384572e+00
-9.490107495595216491e+00
-1.415810897287112446e+01
-1.751923861574486319e+00
-6.474030944041905822e-02
-1.434004019106301442e+01
1.635973949026652552e-01
-7.097521052188329738e-02
-8.328830564451411789e+00
1.187209249788858667e-01
-1.386555634247011959e+01
2.159967833831729911e-01
-2.234055236773395592e+01
2.487354027394363398e-01
6.746854415839274866e-02
8.125760967388408196e-02
6.692909433802950170e-02
7.280201902953270521e-02
1.337819826607649920e-01
9.472623701417665076e-02
-2.117885464822144925e+01
1.036779985631414575e-01
-9.209366161504195958e+00
1.050624398849951402e-01
-1.113214139183959261e+01
5.208022036484949912e-04
-1.428553659029048006e+01
-1.324820991250631463e-01
-5.508254948543069851e-01
6.709208179403368388e-02
3.893630436447570453e-01
3.265275604991698111e-01
1.434651737593222454e-01
-1.824870199089024680e+01
5.733849407495895251e-02
5.142311273428305796e-02
-1.972267655883965531e+01
-3.773302053068292850e+01
9.711816793188984831e-02
-1.342398513602024890e+00
-1.759080897133188159e+01
9.001771533644777057e-02
-6.935700898824660499e+01
2.898586767331799360e-02
-1.432057953785320024e+02
-4.111490708723803067e+00
-5.906045785135046344e+01
-6.742302297167650238e+01
1.024813029836650763e-01
