Number of epochs: 570-01
-2.208604797565054234e+00
-1.344379988972930207e+00
1.923017114863440624e-01
2.329485080484393900e-01
-5.451643626445162871e-01
-1.733151516093438715e+01
-3.467001102487515252e-01
-6.806666108715503372e-01
-5.908836006997902679e+00
-3.594566933731543568e+00
-1.562359216048721633e+00
-1.689159272248643973e+01
-6.423474378477313174e+00
9.638036065766569793e-02
1.555959211108498508e+01
8.536937267376319693e-02
5.805270386244032466e-02
-5.207136411400462572e-01
1.753000518854221923e-01
9.405199140981707062e-02
9.919596811630693178e-02
-1.282096215431765829e-01
6.149510422805862242e-02
1.018598714482270989e-01
-4.103846479657767901e-03
5.772959908421403108e-02
-3.663041791413505386e-04
1.191158835597356733e-02
1.111716318749324112e-01
1.299245823897799967e-01
-5.164733772985240501e-01
1.074931015055157757e-01
1.828273630172518038e-01
-5.894732893309166943e-01
1.187852790342261294e-01
1.416630585471629622e-01
-1.174829872719752727e-01
2.431434693735846364e-01
-1.719054653207882533e+00
-4.739683004790015142e-01
1.296059738260676164e-01
-1.925873870084348960e+00
-1.156499930992090502e-01
2.258836428040647271e-01
8.277941954667736302e-02
8.319348331372176941e-02
5.861947617609756245e-01
6.495114564567673332e-01
1.043199058230200732e-01
1.626135911598639017e-01
1.377338585387517522e-01
1.212139470082651410e-01
1.576086010729982612e-01
7.350982253597763971e-02
2.874549474271043126e-01
-3.268367764259000885e-01
-2.648389018198994693e-02
3.186684344230942267e-01
-2.757108083528394982e+00
1.034618656773754197e-01
8.609162744999365735e-02
-7.804203503290069177e-01
1.311545481608238917e-01
7.937654625787650131e-01
-1.016665110328398569e+00
1.406576062667794225e-01
-7.216725179433267634e+00
-2.470814414072584952e+00
1.898587507845974409e+00
-6.452295703424767659e+00
5.824607739647318094e-02
6.309293831855580792e-02
-1.074876349510401674e+00
-2.767122609046799742e+00
7.835706596645551636e-02
-7.742823846128903398e-01
-8.360337553350725148e-01
-3.880503077848908688e+00
-8.686733425700695621e-01
-1.866922532592407480e+00
-5.418383087641196916e+00
-5.130725962329644396e+00
-6.163807728816671272e+00
-9.726973703795649406e-02
6.638257694104866824e-02
-4.924710657324930629e+00
-1.511152882299370503e+00
4.404086051852711819e-02
-5.776583945716488033e-01
-1.787761008120838935e-01
-1.273164328371306020e+01
-2.951463986158899822e+00
-2.350739722894457442e-02
-8.978524163821948179e+00
-1.635476305097577798e+00
-1.284724868445937807e+00
-8.510259218522456592e+00
-2.516002728902421826e+00
3.789090023435437993e-01
1.606427459504388977e-01
2.996525672741929269e-01
3.729956122601033597e-01
1.939039957499070255e+01
3.727408535459838523e-01
1.037576755670650552e+00
1.423284562388628938e-01
2.667287804343475566e-01
2.082118889037451459e-01
4.000072126729575794e-01
-2.507362180427444631e+00
1.519892198550217843e-01
-2.389375504414587015e-01
1.329461116363390261e+00
2.201777530826824203e-01
-1.630243997882933726e+00
4.821927361816816249e-01
-2.159758084164445702e+00
-1.107591444586135898e+00
2.444208624938412344e-01
-1.887042926816409727e+00
4.087117684887084379e-01
-2.685364635389580368e+00
2.167147685421837253e-03
5.134752333826558823e-01
1.558996749239487944e-01
1.915395898671635178e-01
1.648415005799632183e-01
7.504861539180006369e-02
1.352672004259578287e-01
7.321142157548368723e-02
-7.860340689751772469e-01
-5.021091576090054298e-01
-2.408561962753701824e+00
-1.471216684561799326e+00
-1.693141839028342033e-01
-1.700503402084881710e+00
-2.262569003708571280e+00
-3.537725032002800862e+00
-2.026310104036797011e+00
-2.451797463094283813e+00
-1.429781468023460622e+00
-2.714744932809112665e+00
-2.165921627754519463e+00
2.099850222859950960e-02
-2.288197793822821957e+00
-9.537045192232048052e+00
-1.358562875747189924e+00
-4.793789209725859202e+00
-1.030259651130279508e+01
-1.196824372776782575e+01
-1.905304804021489318e+01
-1.674333318295144979e+00
-2.259603059385934323e-02
-1.194529771346770630e+01
1.525505659289881633e-01
-3.242919469748755529e-02
-8.000615201238886698e+00
1.213032942384755092e-01
-1.391053251782498457e+01
2.455139118070150672e-01
-3.347133437973493386e+01
2.211325730785085597e-01
6.898902685055055550e-02
8.408260683669520341e-02
6.504696479631449924e-02
8.527463761094727923e-02
3.927921333965148781e-02
9.317270963267036687e-02
-1.950962848535422012e+01
1.139849819819993282e-01
-5.081299415898905991e+00
1.136197410931308049e-01
-1.132486326684674971e+01
2.768033855765738085e-02
-1.326834213590900724e+01
-1.524567911108200557e-01
-3.750969476686865645e-01
6.245173204427194313e-02
4.395969660902819820e-01
3.448988759546122163e-01
1.314466975852598696e-01
-1.742317367275419215e+01
6.024776508947791293e-02
6.077093252981200650e-02
-1.899974220427095872e+01
-3.268435741414950257e+01
8.686297338746587493e-02
-3.178491221287608748e-01
-1.719115050126906752e+01
7.817472001866500320e-02
-1.005491226894218073e+02
4.216312614169502593e-02
-1.156817389958168718e+02
-3.658920930209372369e+00
-4.192881159126373802e+01
-7.270165529431963591e+01
1.098936687648122551e-01
