Number of epochs: 159001
-2.263461535361193988e+00
-2.030967810731467260e+00
1.883863027022734671e-01
1.770461181161966380e-01
-4.228138679521593057e-01
-1.489569817072385938e+01
-1.508132154593045504e+00
-6.614927208753845767e-01
-6.441005219140995663e+00
-3.804892737955487547e+00
-1.475521817210702746e+00
-1.178618461496149372e+01
-6.412014873473599330e+00
9.669618240848211477e-02
2.281226894324241883e+01
5.873815308513463673e-02
5.674873509958384965e-02
-6.251472422596295875e-01
1.805681543781576248e-01
1.097240145696928570e-01
1.085655520151633108e-01
-2.408100278809050254e-01
5.902633510790655791e-02
1.045402714228219065e-01
-6.806556914141211057e-02
5.836090908235883057e-02
-3.928605389338783033e-02
2.796079027011499213e-02
1.015755845868006602e-01
1.270736852600548306e-01
-4.431662169017056563e-01
1.076336561621432653e-01
1.845044413753748058e-01
-5.457191811373908186e-01
1.341879779228333514e-01
1.366844459818000457e-01
2.570513590300765178e-02
2.603116049475013294e-01
-1.846549592877673396e+00
-4.592236402154299402e-01
1.369525441457263015e-01
-1.966961721682011888e+00
-2.005114920693447100e-01
2.327522515238291678e-01
8.446251120709542815e-02
8.473687858318115773e-02
5.575898010277581252e-01
5.986165452643398277e-01
9.306244394840018641e-02
1.673292453559730719e-01
1.119732448074306913e-01
9.832223926846483941e-02
1.572772857336207364e-01
7.943987913341203633e-02
2.782130840868339838e-01
-3.836354201444438505e-01
6.552977421205515018e-02
2.965137980948487351e-01
-3.188215599067606210e+00
9.190711764803362327e-02
8.373813215668979293e-02
-1.198943714690986928e+00
1.519601965672190691e-01
7.269360189529178173e-01
-1.125214411538802306e+00
1.288765342494060662e-01
-5.681765956146137775e+00
-2.415039550138000202e+00
1.939608078446311001e+00
-6.501790307822703952e+00
5.928453471288393922e-02
6.652088396670804982e-02
-1.619697724436354624e+00
-3.059296548548368744e+00
7.411642581681138209e-02
-5.154197946215693937e-01
-1.596819971674293237e+00
-5.348004605286226010e+00
-1.632311946647280410e+00
-1.580851432095266462e+00
-5.335556050710133391e+00
-3.671720379122150213e+00
-5.470134414178217774e+00
-7.558429933950884527e-02
5.655486116762441923e-02
-4.708584433479238385e+00
-1.880306655351193790e+00
4.790247313588055778e-02
-5.381090871947215026e-01
-3.446715262091610832e-01
-1.443489846818159705e+01
-5.558016972323434501e+00
-6.449742310971910177e-03
-1.151734908967707938e+01
-1.632326150940171416e+00
-1.447256474786859703e+00
-1.488184769093654936e+01
-9.477281129835961604e-01
2.924695516963127795e-01
1.696937020071068170e-01
2.844588661693247533e-01
3.029346070107670208e-01
2.372544116541988757e+01
3.179871506440204443e-01
9.067431595194879179e-01
1.391877045226712628e-01
2.759356949110055024e-01
2.149151213744557587e-01
3.376204565184692252e-01
-2.216817030496906149e+00
1.573588810478476485e-01
-5.785508857137554584e-01
1.194356878379515985e+00
1.989882929166525705e-01
-1.808414255668755910e+00
4.406657542288406892e-01
-1.740344580141861552e+00
-1.130030760994725547e+00
2.475924008676175236e-01
-2.370345305145145076e+00
3.407612770931685575e-01
-2.735227412969738481e+00
1.153738245379286494e-02
4.817128657541348002e-01
1.058597584211779241e-01
2.010652951059031524e-01
1.557146805909752074e-01
7.410821374361148406e-02
1.456352672482318644e-01
7.564914514206350082e-02
-9.080608104166589811e-01
-2.465104607351707444e-01
-1.758840433559881289e+00
-2.484528015315917049e+00
-2.089140088793600136e-01
-1.950428389054354117e+00
-2.614818586176590465e+00
-3.559317886170034306e+00
-2.456227479368408240e+00
-1.867228135016914425e+00
-1.337591085904219712e+00
-2.364127192718150638e+00
-2.072411101646066012e+00
1.991870181000148302e-02
-2.681551140201436034e+00
-7.507734383877024520e+00
-1.464066969434300036e+00
-7.505214690230240571e+00
-1.005191645571711412e+01
-9.890005137685829339e+00
-1.454322233578598933e+01
-1.833381080626178328e+00
-4.548748240345173305e-02
-1.465615931738477151e+01
1.650899185268835945e-01
-6.887875535881785027e-02
-8.607867812856913048e+00
1.208108162279789566e-01
-1.393689092142772346e+01
2.211769550782339555e-01
-2.280892441078996669e+01
2.561137009572373446e-01
7.017900354495240633e-02
8.340244032003685248e-02
6.506452510264087996e-02
7.436642686931678459e-02
1.705596336513900135e-01
8.189441934104411958e-02
-2.101316250177776368e+01
1.074148913758642410e-01
-7.844517382533991778e+00
1.082263063256371088e-01
-1.178658000754899327e+01
2.102411528616593851e-03
-1.356474843021200094e+01
-1.337558346064502413e-01
-5.847699237795334071e-01
6.847036057360010586e-02
3.944576365554496866e-01
3.276201682278563343e-01
1.443636983010978259e-01
-1.929577595265999079e+01
5.541238870259024979e-02
4.708593231663518730e-02
-1.926261291901352735e+01
-3.594251228806487575e+01
8.311402447598564835e-02
-1.113559246889089582e+00
-1.947425617594868896e+01
9.379438874818547822e-02
-7.383233396293346118e+01
3.066242216393716066e-02
-1.210187029317845884e+02
-4.215744403303994581e+00
-5.978746748730394955e+01
-7.097273481138795148e+01
1.059496296886982825e-01
