Number of epochs: 156001
-2.263461535361193988e+00
-1.823510207217998058e+00
1.891301166891449781e-01
1.784744832316510488e-01
-4.228138679521593057e-01
-1.504026147657619816e+01
-1.535328680301875526e+00
-6.686105907947758054e-01
-6.564837084559242975e+00
-3.804892737955487547e+00
-1.483431957702174175e+00
-1.154360600690394811e+01
-6.412014873473599330e+00
9.665093466502118480e-02
2.279801540005210825e+01
5.748899991713792706e-02
5.638128983028239255e-02
-6.323093546111689944e-01
1.808928518308293987e-01
1.112004333280830481e-01
1.087288826369990496e-01
-2.412155675899563811e-01
5.901635763193192191e-02
1.046492858324730713e-01
-6.859883305164157785e-02
5.806725572311079164e-02
-3.952204839471178122e-02
2.888543385659600449e-02
1.016775527541594754e-01
1.270978370530612134e-01
-4.178175405438008250e-01
1.075085948334684044e-01
1.852368975721171984e-01
-5.600174797109090941e-01
1.343924409396042019e-01
1.367476979334207032e-01
2.549181828386984372e-02
2.613241007209984312e-01
-1.882488688165431912e+00
-4.610306680753720188e-01
1.370964760903892465e-01
-1.987233658698377425e+00
-1.981817270860980196e-01
2.339860598303528660e-01
8.459856206255635114e-02
7.589391495218106298e-02
5.576435946002309407e-01
6.007241559460182456e-01
9.313488677963142892e-02
1.677173074649133955e-01
1.123165682346646266e-01
9.836981625407573149e-02
1.580025485868941093e-01
7.931203352742527413e-02
2.802076674822760460e-01
-3.836354201444438505e-01
6.184089346043530194e-02
2.984703424277782013e-01
-3.190609913775741990e+00
9.169199264367243474e-02
8.446726922991446007e-02
-1.231823870901862961e+00
1.518335655952112728e-01
7.282694388773875982e-01
-1.138828989276192472e+00
1.289895812460896407e-01
-5.802620382324160886e+00
-2.415039550138000202e+00
1.926292962215588433e+00
-6.579861483654447341e+00
5.916501805427141353e-02
6.687693638856859191e-02
-1.691132961282570957e+00
-3.059296548548368744e+00
7.449026603497467536e-02
-5.154197946215693937e-01
-1.621037613693445456e+00
-5.441955858625991738e+00
-1.653596457675550857e+00
-1.588340069880683547e+00
-5.433977183162844504e+00
-3.702187666665901045e+00
-5.538015781238098789e+00
-7.558429933950884527e-02
5.670412592945339725e-02
-4.827627551903933778e+00
-1.887114254653393441e+00
4.880037042747804171e-02
-5.398352072254474221e-01
-3.491346929776540930e-01
-1.435126024496976171e+01
-5.696497236203722281e+00
-6.912485354941324059e-03
-1.151136251099840990e+01
-1.601945817875658928e+00
-1.447256474786859703e+00
-1.488184769093654936e+01
-9.602257458222561715e-01
2.947983047368950005e-01
1.703489725820122591e-01
2.864467394962740832e-01
3.056029485496191689e-01
2.372544116541988757e+01
3.206643898100007273e-01
9.036934102488570764e-01
1.391942482228619438e-01
2.772551006343882962e-01
2.161308184879081606e-01
3.392471848267851198e-01
-2.227851963795533852e+00
1.574457412700354664e-01
-5.785508857137554584e-01
1.188657203830249420e+00
2.002513669845569499e-01
-1.808414255668755910e+00
4.412830854789448476e-01
-1.740344580141861552e+00
-1.124841882110696911e+00
2.488800552867291571e-01
-2.425697454268821662e+00
3.419766606685257226e-01
-2.735227412969738481e+00
1.051416308299731039e-02
4.809450280176089665e-01
1.060182905164381850e-01
1.995483090343358190e-01
1.556775024769891380e-01
7.414503645837453027e-02
1.461838340761881239e-01
7.552711810090115274e-02
-9.080608104166589811e-01
-2.465104607351707444e-01
-1.765059136404125484e+00
-2.484528015315917049e+00
-2.053062779994426212e-01
-1.950428389054354117e+00
-2.614818586176590465e+00
-3.559317886170034306e+00
-2.456038572430556233e+00
-1.867228135016914425e+00
-1.345204917314299697e+00
-2.383408938156897250e+00
-2.078149810625219640e+00
1.990970444957216104e-02
-2.681551140201436034e+00
-7.642197346958568005e+00
-1.478918943173545664e+00
-7.505214690230240571e+00
-1.001462850925944359e+01
-1.002377840025204492e+01
-1.468650552766134254e+01
-1.833381080626178328e+00
-4.548748240345173305e-02
-1.418623505596705847e+01
1.658326771109899234e-01
-7.052659309048107950e-02
-8.514664174357507775e+00
1.218531880179890697e-01
-1.409568992854952896e+01
2.228126035331629284e-01
-2.299716644483784833e+01
2.573444903014655560e-01
7.033677429355938981e-02
8.356335533114664371e-02
6.516890383129052278e-02
7.444272149037473030e-02
1.774143365831768737e-01
8.215430513181772032e-02
-2.124541901912536801e+01
1.077990985896826875e-01
-6.645806358135276426e+00
1.079759253832154459e-01
-1.185585658595343617e+01
2.115350747736288468e-03
-1.306357981115464462e+01
-1.337558346064502413e-01
-5.968157906242318456e-01
6.853450163722324406e-02
3.958161278884518852e-01
3.297926389460481000e-01
1.444952812965968614e-01
-1.971964226551840582e+01
5.512436400451983798e-02
4.984617348430353534e-02
-1.936713166100875583e+01
-3.594251228806487575e+01
8.288377401698031333e-02
-9.890039094353305638e-01
-1.981183275319225601e+01
9.389998522875088460e-02
-7.440700265827331350e+01
2.981477208973319637e-02
-1.224529154994817333e+02
-4.321721553268861982e+00
-5.978746748730394955e+01
-7.097273481138795148e+01
1.064134812917307826e-01
