Number of epochs: 580-01
-2.208604797565054234e+00
-1.344379988972930207e+00
1.905905110342912268e-01
2.285365038954456085e-01
-5.451643626445162871e-01
-1.733151516093438715e+01
-3.855467740652250286e-01
-6.916200862868492338e-01
-5.788806429447112656e+00
-3.594566933731543568e+00
-1.562359216048721633e+00
-1.689159272248643973e+01
-6.423474378477313174e+00
9.594797634021445809e-02
1.511697862701045736e+01
8.441268690365089089e-02
5.732050000954240498e-02
-5.207136411400462572e-01
1.737138766065480788e-01
9.295966266275562662e-02
9.868154117196384356e-02
-1.275181245280574971e-01
6.108178723575743291e-02
1.012818379310060080e-01
-4.103846479657767901e-03
5.730633362324846769e-02
-3.663041791413505386e-04
1.191158835597356733e-02
1.103548365934251957e-01
1.284067604475142843e-01
-5.164733772985240501e-01
1.066406917913118035e-01
1.811399629161586922e-01
-5.577118669993941236e-01
1.177143387275620401e-01
1.395687421663919514e-01
-1.174829872719752727e-01
2.400593930768258055e-01
-1.719054653207882533e+00
-4.739683004790015142e-01
1.280124394556901024e-01
-1.925873870084348960e+00
-1.156499930992090502e-01
2.236759354765582297e-01
8.244794826067573801e-02
8.276098799984166199e-02
5.775411541820595351e-01
6.401957972070462244e-01
1.024030296617098323e-01
1.611222745644060317e-01
1.357269849452971966e-01
1.192223814238546759e-01
1.561163069562241379e-01
7.316679792272512417e-02
2.833464977370704907e-01
-3.268367764259000885e-01
-3.336334609799003481e-02
3.139446211364141370e-01
-2.913711261660953955e+00
1.027781391603165145e-01
8.552356176482542316e-02
-7.804203503290069177e-01
1.301981767843684856e-01
7.826472529750946316e-01
-1.016665110328398569e+00
1.391928811651490516e-01
-7.216725179433267634e+00
-2.470814414072584952e+00
1.873443830830835211e+00
-6.372274852300364500e+00
5.765645713183995685e-02
6.245092419730922245e-02
-1.074876349510401674e+00
-2.767122609046799742e+00
7.784587913465806919e-02
-7.653384166872730932e-01
-8.360337553350725148e-01
-3.880503077848908688e+00
-1.175362651650172729e+00
-1.866922532592407480e+00
-5.418383087641196916e+00
-4.970450447412452455e+00
-6.009203056791887931e+00
-9.726973703795649406e-02
6.256905116292220403e-02
-4.924710657324930629e+00
-1.469113885169792910e+00
4.330028879460146723e-02
-5.764424574180556649e-01
-1.787761008120838935e-01
-1.289343231100812837e+01
-2.951463986158899822e+00
-2.350739722894457442e-02
-8.978524163821948179e+00
-1.635476305097577798e+00
-1.284724868445937807e+00
-8.510259218522456592e+00
-2.516002728902421826e+00
3.721303125482900986e-01
1.591412976916954936e-01
2.951097756795430516e-01
3.676891968370707420e-01
1.939039957499070255e+01
3.672674021303266034e-01
1.024129116787933835e+00
1.408839629455519715e-01
2.634104223751477236e-01
2.063750638191949316e-01
3.935376580208023722e-01
-2.507362180427444631e+00
1.505902048481885247e-01
-2.389375504414587015e-01
1.310101007355377822e+00
2.182674125776230822e-01
-1.630243997882933726e+00
4.752406312034032632e-01
-2.104832975623259994e+00
-1.107591444586135898e+00
2.413161060460168317e-01
-1.887042926816409727e+00
4.024137752931444267e-01
-2.685364635389580368e+00
5.582091832973069823e-03
5.064093382992125303e-01
1.508175387312817028e-01
1.898462083535653877e-01
1.632482730056831199e-01
8.159351483773946700e-02
1.330562828285474508e-01
7.277047944212974850e-02
-8.042154618745319672e-01
-5.021091576090054298e-01
-2.373446778773666832e+00
-1.471216684561799326e+00
-1.693141839028342033e-01
-1.700503402084881710e+00
-2.229777305529651255e+00
-3.537725032002800862e+00
-2.026310104036797011e+00
-2.451797463094283813e+00
-1.407163931365755349e+00
-2.654718028308771238e+00
-2.165921627754519463e+00
2.032395412847419827e-02
-2.240060878240970332e+00
-9.537045192232048052e+00
-1.358562875747189924e+00
-4.793789209725859202e+00
-1.030259651130279508e+01
-1.196824372776782575e+01
-1.905304804021489318e+01
-1.674333318295144979e+00
-2.259603059385934323e-02
-1.194529771346770630e+01
1.510755597510807791e-01
-3.242919469748755529e-02
-7.756472288213529076e+00
1.200424479691600682e-01
-1.391053251782498457e+01
2.417757269447058099e-01
-3.347133437973493386e+01
2.186880136405655040e-01
6.805665960290399608e-02
8.356643080982027738e-02
6.462335646024787439e-02
8.460843910378786081e-02
3.812224978186747049e-02
9.263119903760648477e-02
-1.950962848535422012e+01
1.128554806476410460e-01
-5.081299415898905991e+00
1.128333868721640293e-01
-1.132486326684674971e+01
2.714766091855461486e-02
-1.326834213590900724e+01
-1.501648910815963633e-01
-3.728612175493330461e-01
6.194377551045650299e-02
4.325739106959722857e-01
3.400324091698653239e-01
1.300380806952325941e-01
-1.742317367275419215e+01
5.975112062438101002e-02
6.009013508835946843e-02
-1.899974220427095872e+01
-3.268435741414950257e+01
8.634287592652940824e-02
-3.178491221287608748e-01
-1.719115050126906752e+01
7.766189466752802806e-02
-1.005491226894218073e+02
4.142512266650324321e-02
-1.156817389958168718e+02
-3.658920930209372369e+00
-4.192881159126373802e+01
-7.270165529431963591e+01
1.098472445435056816e-01
