Number of epochs: 409001
-2.177283382832149616e+00
-2.154707100710127499e+00
1.680439003392114050e-01
1.429410446362489595e-01
-6.135601820552177843e-01
-1.613396165692886441e+01
-1.580175680274790384e+00
-7.128523618457839328e-01
-9.645185309220291714e+00
-5.126514348199488147e+00
-1.784430060070942847e+00
-1.292994950279495825e+01
-5.357007639860002612e+00
8.771178792658100576e-02
2.265170249815952630e+01
5.503716073415090143e-02
3.952516626934935579e-02
-7.079832012755444826e-01
1.918958934712315656e-01
9.804617058166252563e-02
1.092197299370301078e-01
-2.856156846183507958e-01
7.981023568206896401e-02
1.027507268173598748e-01
-1.289228324995337072e-01
5.434232034205246920e-02
-9.719990872485084754e-02
2.889628837064074293e-02
1.118366552567139210e-01
1.218943921827820021e-01
-3.810990544772538402e-01
1.010165115909105044e-01
1.620037891349186965e-01
-4.316089041429366224e-01
1.175622652207331670e-01
1.295275120575965777e-01
-5.739006093775352556e-03
2.634662705321957898e-01
-2.262537730872074881e+00
-3.883657777538566669e-01
1.169134586143227433e-01
-2.195904374791685765e+00
-9.779194890279037378e-02
2.190081571936655092e-01
8.676914774692580379e-02
7.873752142977474833e-02
5.540817839646606791e-01
6.450055373943163195e-01
8.086017668015015036e-02
1.627550810140693804e-01
1.181778212139390771e-01
8.734202083939214545e-02
1.463410577820918046e-01
7.698843423399523433e-02
2.876226906640708680e-01
-1.926288694495652820e-01
8.722722609382310699e-02
2.817654855569415862e-01
-2.820012548280702358e+00
8.284177797239085372e-02
7.846178005850870663e-02
-1.558373717700065608e+00
1.355291217261943015e-01
7.560767185394954293e-01
-1.279650113662880395e+00
1.195669137712317837e-01
-6.019256552238983815e+00
-2.493560655037046381e+00
2.116799533179438253e+00
-6.511220752150968849e+00
6.711401899899729906e-02
5.882795281048480707e-02
-1.590980365093074500e+00
-3.283365537609590934e+00
6.631340732546742167e-02
-8.641845734858800698e-01
-1.526419095692467032e+00
-6.228930996859738833e+00
-1.589688227752512395e+00
-1.548194126305266982e+00
-4.426178427721809250e+00
-3.497815538115810696e+00
-6.560253003121215620e+00
1.582973741723258387e-01
1.134053399814709540e-01
-5.543260621017966017e+00
-1.701367575406327548e+00
4.630370661471290561e-02
-5.363547780776579676e-01
-4.235413678300520290e-01
-1.399649204621737297e+01
-4.647802304708378074e+00
1.788397413925290821e-02
-1.229827141333253415e+01
-2.406975214135096852e+00
-1.490548916477496544e+00
-1.532093002492678302e+01
-1.584326979773901023e+00
2.343980097923853145e-01
1.808534515769968654e-01
2.380286773045695303e-01
2.714757793026454369e-01
2.639049802993056204e+01
2.901187420768477354e-01
9.814172123403351877e-01
1.250156233386674753e-01
2.621461679320967741e-01
2.030589317872241450e-01
3.164248536046639915e-01
-2.016725220965319920e+00
1.532499844541756751e-01
-8.753977290143489798e-01
1.277033243826100950e+00
1.736961876168560404e-01
-1.818177038796347622e+00
4.328480586896141236e-01
-1.619921922365803457e+00
-1.316518701381319767e+00
2.332706700858443727e-01
-1.918676546540154737e+00
3.054433170663564123e-01
-2.596466178977101080e+00
-1.336237185317561138e-02
4.782936265283615485e-01
1.043227942750816345e-01
1.875748836492417415e-01
1.409518379075273553e-01
6.701318992676481845e-02
1.115468786867136880e-01
6.953379784849257617e-02
-9.885610447718762295e-01
-2.449932130086565629e-01
-1.682058083907534529e+00
-2.383965726211955349e+00
-1.700159954685364072e-01
-2.280472579924874843e+00
-2.468862985347922478e+00
-2.806211954697107380e+00
-2.407882616814602361e+00
-1.737979333154773487e+00
-1.791686451317979101e+00
-1.681743856627202716e+00
-1.878891577798857071e+00
8.242702353959288283e-03
-2.663146136784569684e+00
-7.953244248078438439e+00
-1.960719143507852147e+00
-6.952519652792435778e+00
-1.073978379133924221e+01
-8.861286186280924682e+00
-1.149206692415280351e+01
-1.794782981952455225e+00
-5.145704621932207373e-02
-1.523548010688492838e+01
1.836534001077000655e-01
-4.489579517183412555e-02
-7.621682970559719550e+00
1.107193764231263894e-01
-1.575541977441738517e+01
1.775109368000042098e-01
-2.732545741075349355e+01
2.219264989173216907e-01
5.598290037996598439e-02
8.988907041436894341e-02
2.199466917580015779e-01
1.060980159378767246e-01
8.052082181574511666e-02
9.206012637976247748e-02
-1.820396601994143637e+01
9.561867701950380050e-02
-1.063736072570492652e+01
9.617048774166399305e-02
-1.480184603710672242e+01
-1.732933491151319311e-02
-1.264161993502429304e+01
-1.988068507048848799e-01
-4.332526860389578349e-01
6.798183375762391345e-02
3.882234614855959443e-01
3.378092503725486084e-01
1.325649310597559472e-01
-1.836738228280949770e+01
5.631648148339333387e-02
9.497448814517032989e-02
-2.182733909582099230e+01
-3.460627711934562711e+01
8.679920486795199286e-02
-2.314926484750681634e+00
-1.594935280015896062e+01
8.808409998795611873e-02
-5.622044847869261019e+01
1.760989732798981869e-02
-1.975845970411374708e+02
-5.411062922063881508e+00
-6.524697344057346982e+01
-6.964718692424676760e+01
9.902669514083491109e-02
