Number of epochs: 215001
-2.177584461426286921e+00
-1.993499031119076559e+00
1.791787361136007173e-01
1.608791049965572206e-01
-4.510094477803455737e-01
-1.677517900913360194e+01
-1.474900139148960454e+00
-7.761468455822132517e-01
-6.122430974570816531e+00
-3.842653936031662720e+00
-1.881142642489936234e+00
-1.125880408915149644e+01
-5.750405965400051223e+00
9.118005092149536472e-02
2.187628363337713466e+01
6.558467308485865788e-02
4.997902986913686785e-02
-6.561422011602732196e-01
1.966141066057066344e-01
1.051046852465143261e-01
1.021133251781303763e-01
-2.456950971898476110e-01
5.902639050116155472e-02
1.191149192782141736e-01
-8.860410738744405046e-02
5.330613192872165479e-02
-7.264012049730066145e-02
2.828670680162067089e-02
1.263678774310200981e-01
1.254532686256406016e-01
-4.292141806762608258e-01
1.066890493922597188e-01
1.753413329237971108e-01
-5.107418097237901300e-01
1.276225603203556824e-01
1.336225304522827562e-01
9.070394790044206124e-03
2.386431838826515717e-01
-1.926068551910252502e+00
-3.946833027335630573e-01
1.287171544515799959e-01
-1.933668959296318546e+00
-6.769428332467476717e-02
2.227959604608499011e-01
8.664983623254617073e-02
8.186203085229142029e-02
5.367021895093185835e-01
5.938891442602951543e-01
8.478713137637453046e-02
1.691208259215301324e-01
1.063915020477822770e-01
9.373194545387682208e-02
1.550961401892402558e-01
7.604599682334864386e-02
2.550546652138957482e-01
-3.827471993190851296e-01
9.752918035100600902e-02
2.751495706957828302e-01
-3.074571672386725130e+00
8.912515311320363953e-02
8.392933657349574417e-02
-1.341597664451239069e+00
1.447487855687380753e-01
7.105232100995403366e-01
-1.209455562582382182e+00
1.252578297650821793e-01
-5.049151129572973851e+00
-2.408131540103943369e+00
2.022121978880174531e+00
-6.637814585264408151e+00
5.883177712036213869e-02
7.481184387069141073e-02
-1.393886707827322935e+00
-3.348484573581310464e+00
7.228707332242909067e-02
-5.931933949805762163e-01
-1.576936242880362826e+00
-5.894963019540126581e+00
-1.673122235894609178e+00
-1.670104631202062873e+00
-5.128782860025445700e+00
-3.474224823780352356e+00
-5.399981982811772774e+00
-7.232469786766468345e-02
3.871210947863034102e-01
-4.677686752931093928e+00
-1.762110690993491158e+00
4.736103985233863778e-02
-5.003952660733327340e-01
-3.836741606548413897e-01
-1.376994570745314483e+01
-5.032688318334775701e+00
-5.092748741726418199e-02
-1.202358725422122099e+01
-2.178372786021363083e+00
-1.423675343037322349e+00
-1.448298974777116577e+01
-1.223347047127809839e+00
2.649693855925226438e-01
1.756701392838006248e-01
2.587276141817180242e-01
2.832256227710266416e-01
2.566092848589625319e+01
2.995223848742304962e-01
8.935043117558618686e-01
1.354778372825675425e-01
2.567475710952558110e-01
2.074586002950752628e-01
3.172290468343667014e-01
-2.404657692682051096e+00
1.716688391553358173e-01
-6.785073048476046864e-01
1.211399035160718007e+00
1.845821255573859565e-01
-1.815236134034764470e+00
4.163803576943993501e-01
-1.592766535908128667e+00
-9.726609110615649367e-01
2.351212635388301442e-01
-2.238427160491492263e+00
3.189013465489073940e-01
-2.722991712300542932e+00
-8.087732375494411860e-03
4.620013768234840779e-01
9.533320170928913373e-02
1.944756931622459439e-01
1.515117203174313198e-01
7.028064312953873072e-02
1.302798489860317876e-01
7.604600117693416372e-02
-1.080439437504417954e+00
-2.225529156718988599e-01
-1.625778896662386064e+00
-2.314010054857476462e+00
-2.294064099888663000e-01
-2.381686597476343259e+00
-2.393932640952181945e+00
-3.339511192700993725e+00
-2.660154471028036038e+00
-1.799875282742474214e+00
-1.719460342566951461e+00
-2.156454432849113534e+00
-2.061523921147829785e+00
2.042780004515057715e-02
-2.401283268768721779e+00
-6.958718733271129331e+00
-1.435286585939482773e+00
-6.825069100256527577e+00
-1.011648288279143948e+01
-8.755549432198746374e+00
-1.288555368639585197e+01
-1.864648485080100615e+00
-6.204760556696606311e-02
-1.624656344351236115e+01
1.609364269356721999e-01
-8.677536874895740160e-02
-8.144800450164030536e+00
1.156075996333259664e-01
-1.587033596600629792e+01
2.025863612811557579e-01
-2.352578489008983098e+01
2.333209600142667206e-01
6.797969785977940604e-02
8.078873137039048469e-02
6.492827430800394983e-02
1.522803630167585964e-01
1.032301820803152304e-01
9.052163680524245859e-02
-2.095209017797565920e+01
1.007396499919908789e-01
-9.926113686558206695e+00
1.023104723699673063e-01
-1.206549551012625265e+01
-1.114230199842391675e-03
-1.274933261570766341e+01
-1.839499641652921902e-01
-3.043061905028811021e-01
6.447132598594118580e-02
3.729354052060652736e-01
3.126692280295365056e-01
1.443830206084199819e-01
-1.827483459184769643e+01
6.039037022181430181e-02
4.984026452194215834e-02
-1.973162446261250835e+01
-3.619556695716887162e+01
9.406361855099397429e-02
-1.472647304276561542e+00
-1.784894357396311193e+01
8.785958450700721845e-02
-6.431052128688190805e+01
3.489128703490018690e-02
-1.515511044455051035e+02
-4.806829027985608960e+00
-5.317256232194375798e+01
-6.485911045942908970e+01
1.002829590851768288e-01
