Number of epochs: 168001
-2.227875941947631500e+00
-2.141698087821511276e+00
1.858577125966493770e-01
1.724043336755439193e-01
-4.171561286593379880e-01
-1.583662181338518593e+01
-1.499059787451154646e+00
-6.588676537950015621e-01
-6.465627734477883415e+00
-3.568100164565027654e+00
-1.588704455062674326e+00
-1.157271153242089845e+01
-6.185795764626480953e+00
9.474277953678014730e-02
2.295891746925123655e+01
5.535849824424973059e-02
5.537480747544221149e-02
-6.635641101735179070e-01
1.786408984863178118e-01
1.073125591903921067e-01
1.069544197813040026e-01
-2.402030419434272313e-01
6.015918091554379316e-02
1.028531363556592221e-01
-6.599597086521159783e-02
5.695721947808232710e-02
-3.961804980267422810e-02
2.808191137267548529e-02
1.125330341297833686e-01
1.252686306016596030e-01
-4.323634908749872108e-01
1.058650620194857839e-01
1.816943809955591793e-01
-5.355069527297581233e-01
1.317021062022133704e-01
1.347511923941779044e-01
2.001938696496375833e-02
2.579043480071503414e-01
-1.851056366705079892e+00
-4.550071996647161443e-01
1.342381262971179545e-01
-2.066485040502823001e+00
-1.937672962533239507e-01
2.303563233763735452e-01
8.345635029310601027e-02
8.270032257268859766e-02
5.552923521045558530e-01
6.009016558527165985e-01
9.030974053288888526e-02
1.652537434517336312e-01
1.095736389112518527e-01
9.627757258729924272e-02
1.549776158690071848e-01
7.802624672054252197e-02
2.739784020626236383e-01
-3.641669178247312066e-01
6.155718966475844794e-02
2.928776688117780136e-01
-3.176626010952352974e+00
8.966387199006585484e-02
8.223260292239392699e-02
-1.225385047121278381e+00
1.495914209301379416e-01
7.147400471402137745e-01
-1.158178983488376224e+00
1.272219854783500081e-01
-5.572507223685303046e+00
-2.334183566703568857e+00
1.915446446184450036e+00
-6.609124544260603251e+00
5.829566904608095984e-02
6.412989833174741194e-02
-1.569502806835703312e+00
-3.380903073028482364e+00
7.182858677768801103e-02
-5.084855805688895947e-01
-1.611811731412001514e+00
-5.354219594285301476e+00
-1.542867430121835914e+00
-1.564138989091593546e+00
-5.220686777194013750e+00
-3.561718309202595467e+00
-5.194370069721752969e+00
-8.139032177682270497e-02
5.437323642466692503e-02
-4.649754394362520138e+00
-1.873812358061764494e+00
4.629436892564071232e-02
-5.103358030738507356e-01
-3.354701869672239711e-01
-1.433106246782628368e+01
-5.453825132377665419e+00
-7.880083808225654338e-03
-1.132952124248486925e+01
-1.698720646774854126e+00
-1.423421405207921930e+00
-1.517877228225866126e+01
-1.081877086214520389e+00
2.874891009119807106e-01
1.678195604869275603e-01
2.787965268276574871e-01
2.999841723621433087e-01
2.390646196305181093e+01
3.154446514553299052e-01
8.883384835085791353e-01
1.373131676115097732e-01
2.736876980503686330e-01
2.124826810627913620e-01
3.327940589843655372e-01
-2.188263420445335061e+00
1.550550237466824244e-01
-6.340910432580934009e-01
1.173361036655895973e+00
1.952769777033503684e-01
-1.770871874170216520e+00
4.362693249330640288e-01
-1.653920920713065401e+00
-1.040478616236102827e+00
2.447921794872305046e-01
-2.327824662208447748e+00
3.359281390672229084e-01
-2.575598341967415106e+00
7.195671257440011855e-03
4.788071538620353729e-01
1.024014291774724417e-01
1.992196989587112221e-01
1.532133689790177167e-01
7.265500964649498905e-02
1.413439330520035730e-01
7.376564579593819504e-02
-8.685716345767945379e-01
-2.620140034853631339e-01
-1.752977066066262912e+00
-2.464983692236724977e+00
-2.141144576269382316e-01
-1.967247441737910885e+00
-2.590589780921919161e+00
-3.362719357483980431e+00
-2.418582082290865909e+00
-1.858380035852624790e+00
-1.387973379474286562e+00
-2.338970521240820943e+00
-2.081027329018747096e+00
1.609339485828082186e-02
-2.557099033143753530e+00
-7.394603867702734590e+00
-1.504063350393154863e+00
-7.530123355845566024e+00
-9.935570618434805823e+00
-9.877953781714294834e+00
-1.387314399694862388e+01
-1.757867882394978265e+00
-5.693263992544810026e-02
-1.465615931738477151e+01
1.626559387329931938e-01
-6.887875535881785027e-02
-8.387163584127597105e+00
1.186853440152920297e-01
-1.358384930484600517e+01
2.164617729577396621e-01
-2.289582980319754668e+01
2.528348306511287724e-01
6.857950901037654368e-02
8.100856698746383699e-02
6.451310484427981440e-02
7.239013261386806342e-02
1.465036074045533154e-01
8.142250924000211942e-02
-2.138269142074701179e+01
1.054709342155789875e-01
-7.755188408256906030e+00
1.066150699139129659e-01
-1.137854576372072302e+01
1.798660068714893036e-03
-1.428553659029048006e+01
-1.343454756727838206e-01
-5.871787357146283082e-01
6.654079900003527503e-02
3.894637638492710607e-01
3.254848654887408377e-01
1.430708186606722554e-01
-1.887084286945501788e+01
5.118922331945829213e-02
5.182654531873420733e-02
-2.001070311368257748e+01
-3.454583623179158280e+01
9.715239166917193081e-02
-1.367860521529606688e+00
-1.794519865156290450e+01
9.052664110809847953e-02
-7.120392226248523571e+01
2.852896371497660663e-02
-1.210187029317845884e+02
-4.127220761937848259e+00
-6.130284774178468865e+01
-7.037763807257371695e+01
1.031825914556733087e-01
