Number of epochs: 335001
-2.066469930935313837e+00
-2.192231649074740218e+00
1.698968520959557027e-01
1.509996434892036943e-01
-5.354425864435625737e-01
-1.621007882360886398e+01
-1.640942729142571777e+00
-6.842150669532924834e-01
-9.230006474777988856e+00
-4.761912201441727888e+00
-1.851160517800603200e+00
-1.239549204592879406e+01
-5.190651565444095894e+00
8.881938612606284089e-02
2.123264742703492303e+01
5.504469430523200452e-02
4.018551958706213789e-02
-7.451174807932327004e-01
1.900432761612544375e-01
9.831211294965538916e-02
1.011669582811860202e-01
-3.060364785242654095e-01
6.095574848773428062e-02
1.066435717635379060e-01
-1.086986015382631898e-01
5.187100709642167295e-02
-8.664513119194183766e-02
2.670805867628390368e-02
1.156911730525521237e-01
1.222207243172693664e-01
-4.067560590830224254e-01
1.035596753242863377e-01
1.634090476541721904e-01
-3.480819577776806395e-01
1.210677587064447891e-01
1.328657121491411686e-01
8.847026014020811444e-04
2.621864985083283695e-01
-2.196146471783792631e+00
-3.792768423004884704e-01
1.198663329470625177e-01
-2.252526602809257650e+00
-6.858475821363146929e-02
2.143596639970801465e-01
8.614840615402781510e-02
7.706853627821406982e-02
5.302530472726553201e-01
6.002357750179435625e-01
8.324184351562773088e-02
1.626200671800650532e-01
1.016928095556897810e-01
8.662035712998153447e-02
1.480375714418036281e-01
7.586412883697067622e-02
2.472933213114987816e-01
-1.595420334207847679e-01
8.454918734494928922e-02
2.724187103653438191e-01
-2.741801739850292741e+00
8.417246521726233499e-02
7.904329180954677847e-02
-1.492275609047825746e+00
1.365194175592063797e-01
6.787696953232235098e-01
-1.215952076205142118e+00
1.212633055166065926e-01
-5.734273366626901236e+00
-2.289225748026752605e+00
1.926571580946198070e+00
-6.471017904221172401e+00
6.856765905939711525e-02
6.190145042906465556e-02
-1.518222506304194308e+00
-3.409156444961184196e+00
6.915030091155587033e-02
-8.619755726218202296e-01
-1.718194438629245369e+00
-6.871613685063248766e+00
-1.583779141287615877e+00
-1.584283468589785304e+00
-4.620323693281096489e+00
-3.284973911238240785e+00
-6.247232520267555600e+00
-7.256517390115112265e-02
1.407669977251094218e-01
-4.959013250746189705e+00
-1.689466235089881252e+00
4.846243315669115231e-02
-5.945626553980862816e-01
-4.128057699809211112e-01
-1.415294273076522913e+01
-4.561489614765868339e+00
4.464334099274801237e-02
-1.196290297331468189e+01
-2.504979806889818139e+00
-1.545596061722708026e+00
-1.582634448373027070e+01
-1.592586443871679691e+00
2.420802643286261435e-01
1.800190162960896845e-01
2.425926099488913412e-01
2.695213724737196004e-01
2.686786827232325336e+01
2.887936324235947927e-01
8.768741734795221232e-01
1.285561909010740911e-01
2.598770928024861648e-01
2.007495656881867208e-01
3.123255121855189609e-01
-2.158389229742082360e+00
1.563766520343849997e-01
-7.675404616838481520e-01
1.136675032905671401e+00
1.766904776292791412e-01
-1.774719445473216917e+00
4.185656647450921031e-01
-1.539073220772038120e+00
-1.145114278195956903e+00
2.294101849221955591e-01
-1.724828134673829227e+00
3.056636283045536251e-01
-2.536468588156909565e+00
-3.678315366513012358e-03
4.581625400129685777e-01
1.063364300140811070e-01
1.874366437608848968e-01
1.428906416474109708e-01
6.898672673529246402e-02
1.138401213680030333e-01
7.107726209035522547e-02
-1.073832232799419195e+00
-2.504646811945260287e-01
-1.688348174663144130e+00
-2.381899510429983380e+00
-1.668340865546475982e-01
-2.253739702231868147e+00
-2.460758080570027317e+00
-2.907249211773311526e+00
-2.479421737080302890e+00
-1.808119440771654540e+00
-1.785616074661237285e+00
-1.682487850988050315e+00
-1.933774481944525281e+00
9.753352339054274095e-03
-2.411666951260969860e+00
-8.081636321571236792e+00
-1.784852938603009864e+00
-6.610921366862227977e+00
-1.133770069882215914e+01
-8.596237564396574271e+00
-1.122474497187880971e+01
-1.833393419899262966e+00
-6.635907695245960025e-02
-1.443806893964640103e+01
1.545465189447914056e-01
-6.074232022352154398e-02
-7.244317773347187739e+00
1.106758290744078999e-01
-1.552111043803410695e+01
1.818964714120976656e-01
-2.414503003853439722e+01
2.201864632718295578e-01
5.856946107911305266e-02
9.378725966483582310e-02
2.434675949318208799e-01
1.150721636066231873e-01
9.282625334084039503e-02
9.245327603154929186e-02
-1.926336710135598196e+01
9.794153199619817785e-02
-1.016723928407301081e+01
9.766715810184704860e-02
-1.263724186981454345e+01
-1.224050988805210419e-02
-1.207715122453098822e+01
-2.196597144592611628e-01
-3.754021776849283398e-01
6.459206438477829715e-02
3.768492610261923170e-01
3.240077333614723165e-01
1.365872621808739140e-01
-1.786932536129938143e+01
5.598426290250331505e-02
4.332673452977983675e-02
-2.078292746876549302e+01
-3.558387594219659178e+01
8.619518000201237262e-02
-2.158543600089949166e+00
-1.710694971975510370e+01
8.302469781117909065e-02
-5.657904609304355148e+01
1.993895389467834414e-02
-1.718705043815572537e+02
-5.525864463358811207e+00
-5.436547722801324056e+01
-6.720808388921281562e+01
9.875961448742476279e-02
