Number of epochs: 103001
-1.910822696722792591e+00
-1.711055421988972869e+00
1.855154079456083072e-01
1.900415484064295057e-01
-4.581821022263170562e-01
-1.635150912773569942e+01
-9.410640703670233309e-01
-6.944918655791239015e-01
-5.209065002864973870e+00
-3.286999978791831367e+00
-1.475757428930027038e+00
-1.320139410429981908e+01
-6.060605927681670835e+00
9.400021993375502760e-02
1.873184474275675271e+01
6.716302841391172396e-02
7.159807966965886505e-02
-6.102049780551674907e-01
1.751651098711624610e-01
9.321768495743749938e-02
1.047718843975005421e-01
-2.206518903418990818e-01
5.845810522410006815e-02
1.063261338887815932e-01
-3.671466001450904987e-02
6.033991040111404830e-02
-9.497955901124205402e-03
2.534529317005036059e-02
1.029234934716985045e-01
1.235339145738029304e-01
-4.398700205254656992e-01
1.077561465897748649e-01
1.830230384424844370e-01
-5.425038217341733304e-01
1.146146009075367928e-01
1.363378691813805499e-01
6.904876669993173510e-02
2.495845243739588659e-01
-1.771985644796420400e+00
-3.410663705741961427e-01
1.195874530896610527e-01
-2.110211454061782010e+00
-1.556359066969919824e-01
2.201137042536571442e-01
8.581710237784055673e-02
8.093682496314498487e-02
5.365891912163714972e-01
6.184228719127548013e-01
1.030775518921831085e-01
1.639661493104963841e-01
1.125119854707955641e-01
1.067017922993017814e-01
1.528055526568010691e-01
8.057448898756798539e-02
2.833914181523028430e-01
-3.610493743629007990e-01
-3.001319057038884588e-03
3.029602573384023723e-01
-3.422321397715339053e+00
9.498968597617751808e-02
8.697472750372182981e-02
-8.499538401556436806e-01
1.271828377692379719e-01
7.616845930521413122e-01
-9.041849776049927234e-01
1.314870781986275383e-01
-6.712574265600244061e+00
-2.444309867595679364e+00
1.816236538608743789e+00
-7.615778412387575358e+00
5.996726416862070697e-02
6.650794351142395866e-02
-1.537961578739976964e+00
-2.787016289113584566e+00
7.766828983837419098e-02
-8.136404626304339915e-01
-1.624023816573649359e+00
-5.543724589811122705e+00
-1.155450751574926826e+00
-1.828669293104556282e+00
-6.123261075686672328e+00
-3.893788874069714190e+00
-5.187841509180519672e+00
-4.244644904997146861e-02
5.809374877732242926e-02
-4.297314472552049125e+00
-1.832117554108946056e+00
4.278580669206905746e-02
-5.471139603752155356e-01
-4.313350552550908601e-01
-1.379870629323608178e+01
-6.747844733273903550e+00
-4.542609189372923129e-02
-1.078416571476157415e+01
-1.515753977295682731e+00
-1.509231356784951794e+00
-1.166042352950989347e+01
-9.898316368692695599e-01
3.188482559209062095e-01
1.633642025788669405e-01
2.937952225610829804e-01
3.219932831211989033e-01
2.047246907691284790e+01
3.230525437080375983e-01
9.814143436527520414e-01
1.382962130985759819e-01
2.672138457950027357e-01
2.071615966843476375e-01
3.376139898862857147e-01
-2.638568929258820361e+00
1.411713767754068094e-01
-4.202393953165912688e-01
1.282261173557979861e+00
2.023195890399598906e-01
-1.620195020798981034e+00
4.386171954275799312e-01
-2.229082560964146698e+00
-9.814227654998872730e-01
2.379552747448529237e-01
-2.217798448059185024e+00
3.480708058406687955e-01
-2.649511881605697283e+00
1.559139473012785201e-02
4.747181041364637588e-01
1.179017319181789591e-01
1.883091423654880969e-01
1.578356467372063476e-01
7.883190920924727785e-02
1.625321037453473783e-01
7.103513743408386427e-02
-9.810269485813361001e-01
-2.679951514521129452e-01
-2.052415169267536310e+00
-2.392835234545989120e+00
-1.572935979889697189e-01
-1.840582476703562342e+00
-2.611527074759333988e+00
-3.897801793945923965e+00
-1.686403242292334070e+00
-2.332256305695028065e+00
-1.323203512629774314e+00
-2.326849177682268621e+00
-2.102273653632726003e+00
1.520295506584085250e-02
-2.860633768875055161e+00
-8.469666080702216604e+00
-1.703911313642967551e+00
-6.654238372456236839e+00
-1.152203224270570203e+01
-1.044220778327614596e+01
-1.828161918420437715e+01
-1.943710600585499826e+00
-1.118950440447025185e-02
-1.478229063203879790e+01
1.613100864809736135e-01
-8.395614549509174129e-02
-9.014556376876226906e+00
1.137562785007031341e-01
-1.480651861083328313e+01
2.188265945953989100e-01
-2.667436640776481482e+01
2.254183993700027144e-01
6.567478345657140615e-02
8.635678184465946094e-02
6.402125074064350663e-02
7.604100644772880668e-02
5.119983878760956536e-02
8.386247332881814620e-02
-1.913844651621543136e+01
1.063789811080606690e-01
-6.453158530726082809e+00
1.073099133319760506e-01
-1.066858172397590465e+01
1.720985462725436316e-02
-1.653194869480318019e+01
-1.434852461877851593e-01
-4.788219566023401152e-01
6.712321596399853374e-02
3.947661267269400032e-01
3.282804352063521947e-01
1.257908041002258892e-01
-1.818009965374785608e+01
5.712002323014171018e-02
5.445178253072303909e-02
-1.825035801450404449e+01
-2.653577554011127759e+01
8.415251076633786798e-02
-8.436131524893668576e-01
-2.130754972292266558e+01
7.760628638693456427e-02
-8.501990354117215531e+01
3.546298675508021553e-02
-1.042679567870494282e+02
-4.676111980573449678e+00
-5.589788454128255069e+01
-7.838811042695299136e+01
1.081467160779659153e-01
