Number of epochs: 313001
-2.115497925231860421e+00
-2.114204038528675778e+00
1.709375583826707179e-01
1.539337915078080321e-01
-4.416274900044356855e-01
-1.573199885693060551e+01
-1.509882793007316426e+00
-7.043073164098311301e-01
-8.294157965617440453e+00
-4.424195808838655708e+00
-1.829456138210500127e+00
-1.254730028457673008e+01
-5.292405906444933805e+00
8.852436812185393578e-02
2.191268744907631572e+01
5.883171183167963669e-02
4.152094325424733612e-02
-6.886180507905159676e-01
1.902902243616147460e-01
9.851733581530099093e-02
1.013083917956448948e-01
-3.041615065424641551e-01
6.120656466619706082e-02
1.072583712973884384e-01
-1.081890570434216603e-01
5.270240890423252833e-02
-8.665834052267588905e-02
2.954370387254538766e-02
1.168372783547473870e-01
1.220093837952731103e-01
-4.098653695593962309e-01
1.034231709288493395e-01
1.650622570356788388e-01
-3.623072308188538537e-01
1.217250942570369948e-01
1.295052474896939698e-01
4.733978754324563655e-04
2.657047605785685662e-01
-2.015944153853146847e+00
-3.854424471726087265e-01
1.202104075774669545e-01
-2.330914645790209683e+00
-5.064516597470066633e-02
2.145796683667753613e-01
8.584820845982127357e-02
7.658950408386248909e-02
5.188086863538319271e-01
5.832858486186847102e-01
8.425082708838979584e-02
1.627690891575251653e-01
1.020232373349918703e-01
8.614839354884171185e-02
1.476689474076748887e-01
7.588384784057838894e-02
2.514263954922748012e-01
-1.532309457290124688e-01
8.446092151413812921e-02
2.735863730078896272e-01
-2.769129107361819830e+00
8.431547917929142766e-02
7.853518175292163728e-02
-1.532650230101705979e+00
1.367000281337013012e-01
6.520823678279035196e-01
-1.197689175534994765e+00
1.197382053070464025e-01
-5.838396231812279957e+00
-2.307222769993243272e+00
1.885269177132316454e+00
-6.536424967220874294e+00
6.229558778518825418e-02
6.200263343593025167e-02
-1.549917426976191059e+00
-3.456634384001759930e+00
6.930299170847245560e-02
-8.663650910360188862e-01
-1.727810343099333679e+00
-6.532597695957583106e+00
-1.569807565364984336e+00
-1.597101476332416281e+00
-4.457577811594597428e+00
-3.354622880406790131e+00
-5.849880226101324077e+00
-8.072147801218421126e-02
1.556835744536050892e-01
-5.037998403554102111e+00
-1.698131147610847158e+00
4.790272196612329475e-02
-5.903730086916046949e-01
-3.932003205656511291e-01
-1.427818144511907228e+01
-4.662476941984168732e+00
6.279055326171058271e-02
-1.221873538405027482e+01
-2.532585596274569362e+00
-1.560406285856367870e+00
-1.435392859778082908e+01
-1.626030130677407204e+00
2.469082654193377746e-01
1.750500978850854372e-01
2.482799265541036637e-01
2.724312429121520940e-01
2.683000354870529236e+01
2.896825100876578296e-01
8.385510891979949255e-01
1.290992517607122692e-01
2.635023548643229963e-01
2.015108615507159862e-01
3.113089499006023164e-01
-2.199933631681118218e+00
1.572384230788138881e-01
-7.554628998815745566e-01
1.112313199454853407e+00
1.786064575334429805e-01
-1.762466759393103821e+00
4.134246141149816034e-01
-1.632730315552669564e+00
-1.102586775293302956e+00
2.296329091824938773e-01
-1.729549943422911129e+00
3.053216680583544229e-01
-2.639145294415557785e+00
-5.558722579709623503e-03
4.497957698920022618e-01
1.076279714783215657e-01
1.883773480200568451e-01
1.430221019030354923e-01
6.900793089648235568e-02
1.153995124665085081e-01
7.175591709104481297e-02
-1.127209162956868571e+00
-2.254877576050005050e-01
-1.721964455980698805e+00
-2.151226550568317464e+00
-1.513491572747109604e-01
-2.081443577965583103e+00
-2.538145117334816625e+00
-2.903857506699342395e+00
-2.526449177615862407e+00
-1.817160154843446174e+00
-1.809080370664596593e+00
-1.662298512674630357e+00
-1.941264815971583735e+00
9.516230051867802242e-03
-2.451664344119777628e+00
-7.827145001854901807e+00
-1.775832239693162506e+00
-6.680647365910536095e+00
-1.152493133431465822e+01
-8.651858825434159073e+00
-1.144426128527926245e+01
-1.884562169449587765e+00
-6.863336840576023112e-02
-1.452938419414863880e+01
1.548421167724947922e-01
-5.403588840935508175e-02
-7.241230484342463747e+00
1.103933205055664390e-01
-1.562077518019271061e+01
1.854345471052442074e-01
-2.326511579934092211e+01
2.220500586853293712e-01
6.097172427052256760e-02
7.505589576835067223e-02
2.595430211770728413e-01
1.183514411113997106e-01
9.024661115403104228e-02
9.241200311849290250e-02
-1.946881276537548544e+01
9.493624410433067207e-02
-9.777860618396388759e+00
9.769024343383338194e-02
-1.264449867072917044e+01
-3.590205750577128620e-03
-1.157209577453049043e+01
-2.352020924376316269e-01
-3.459437119035200792e-01
6.328437469528763737e-02
3.737489738365792347e-01
3.203018024926669316e-01
1.368840627928766818e-01
-1.775650207955285254e+01
5.677096639485458562e-02
4.365801421787620512e-02
-2.015222041635848527e+01
-3.484284918029862865e+01
8.722610975021427571e-02
-1.875354954687977083e+00
-1.739904157854070021e+01
8.379049374946959117e-02
-5.783438785871444310e+01
2.339659297004123562e-02
-1.557407514173748382e+02
-5.358064476744091920e+00
-5.081741604871131557e+01
-6.903290495327303233e+01
9.891282497987374800e-02
