Number of epochs: 237001
-2.032953088383303353e+00
-1.950140602807440171e+00
1.794092251262240090e-01
1.570858887125355929e-01
-4.166973887812590593e-01
-1.731917607506029455e+01
-1.542309516773083367e+00
-7.373326915206072085e-01
-6.292500941718650154e+00
-3.734187911217080824e+00
-1.867157487241878133e+00
-1.243928467336982635e+01
-5.647841974362910911e+00
9.181724687085170145e-02
2.119604490155382237e+01
6.591048077605191069e-02
4.647973007135367679e-02
-6.785930660097287959e-01
1.973733131658991780e-01
1.045109187306882542e-01
1.034663617019020015e-01
-3.121256588492022366e-01
6.061481772013301017e-02
1.184699842489142230e-01
-9.330520007699705243e-02
5.384807679302793665e-02
-7.498884876076594708e-02
2.681339124322225723e-02
1.273906865520398890e-01
1.254771175990731236e-01
-4.091543437801077321e-01
1.068910424853665858e-01
1.744394732373039381e-01
-4.818549747909989800e-01
1.273807185146255683e-01
1.342082988141440059e-01
8.562400644940895353e-03
2.402526887754964924e-01
-1.917116535684479706e+00
-3.935552334961091581e-01
1.279746045369281049e-01
-2.089833637186426785e+00
-9.156507396587879044e-02
2.225389872684304382e-01
8.775391447754120333e-02
8.183469656641555179e-02
5.482049305619557389e-01
6.031236042504831696e-01
8.445557737024383949e-02
1.692612840353804604e-01
1.085751939602686011e-01
9.277117282992003444e-02
1.545977179415136127e-01
7.712499131889824500e-02
2.564088325355778353e-01
-3.688100519831762902e-01
9.516978172529799718e-02
2.804717237628998605e-01
-3.029052099830993328e+00
8.960864141694641072e-02
8.299053323976883501e-02
-1.598772295226076334e+00
1.440942498131361771e-01
6.918914214919897887e-01
-1.219869816584842726e+00
1.248639834046867125e-01
-4.792956790571841985e+00
-2.461241608144140169e+00
1.970371852095830434e+00
-6.469723422839868121e+00
5.975263830130896070e-02
7.174807554406369137e-02
-1.567475623902703896e+00
-3.526601479307308828e+00
7.207792306083786460e-02
-5.717564125940800546e-01
-1.644773079378476055e+00
-6.341892769603725277e+00
-1.640844797146046030e+00
-1.610218775352226572e+00
-5.080282225044141953e+00
-3.648298358023973620e+00
-5.449761214579329049e+00
-7.845822913030760237e-02
3.005917155626017245e-01
-4.538351559381164080e+00
-1.667016443028941586e+00
4.851479763300066417e-02
-4.969416973667347692e-01
-3.948812999687697500e-01
-1.332214192003744557e+01
-4.860978855757299044e+00
-6.186279817320262941e-02
-1.176270287904267242e+01
-2.315225619904781595e+00
-1.395987732412510063e+00
-1.416462500548232128e+01
-1.393649990241514258e+00
2.646580216691212795e-01
1.761187622187835589e-01
2.610234441400414718e-01
2.884370723240645695e-01
2.596727106588748057e+01
3.044546533347498030e-01
8.752928700809176066e-01
1.362093570751873872e-01
2.602674593243438639e-01
2.080665552382659489e-01
3.249455618204324381e-01
-2.411784730611602257e+00
1.698146872557003972e-01
-8.018712410329755791e-01
1.182588213657156162e+00
1.821428494334010051e-01
-1.822840047823583554e+00
4.285353339800731520e-01
-1.606164210005754045e+00
-1.167268300328244468e+00
2.359972943333342454e-01
-2.272361042813627385e+00
3.227327766206728454e-01
-2.649893064688372490e+00
4.427447088919169924e-03
4.719917280858499375e-01
1.203658642669126894e-01
1.951629562431191900e-01
1.505927479009630809e-01
7.283325134808234236e-02
1.277354750276121775e-01
7.660226756560817307e-02
-1.128768045778005602e+00
-2.331502475955175846e-01
-1.783367621152770477e+00
-2.203720489881481726e+00
-9.275375762009403779e-02
-2.244482393727024849e+00
-2.352357903063523548e+00
-3.200406501072680321e+00
-2.628070591350784913e+00
-1.742575445858633332e+00
-1.725149759769896818e+00
-1.398043103179833935e+00
-2.214160975098672601e+00
1.742635172580381253e-02
-2.404300349437321849e+00
-6.815489860342189843e+00
-1.473964835129272455e+00
-6.814181188848598580e+00
-1.207541461902106583e+01
-8.567115325237352863e+00
-1.213130817800502292e+01
-1.855975510936209050e+00
-5.341549411834176780e-02
-1.547979461965713988e+01
1.621151274410844445e-01
-3.561354691065561628e-02
-7.874121485134498499e+00
1.158130466148230148e-01
-1.618550532940011877e+01
2.006741947009080818e-01
-2.279507538324385507e+01
2.318909655817708027e-01
6.696612159707157619e-02
7.980566710563417876e-02
3.396227208797230612e-01
1.439523627422502061e-01
9.510620275326638062e-02
9.912310943141620923e-02
-1.953070612844198095e+01
1.004901380901182112e-01
-9.688404086155026462e+00
1.019770129432602951e-01
-1.178635992279882849e+01
-2.367564803294724962e-03
-1.222556358302663426e+01
-1.726648648949402620e-01
-3.337210912667314400e-01
6.387160268383777761e-02
3.824459365694385382e-01
3.208362970591617791e-01
1.444483620671825619e-01
-1.762458314659823699e+01
6.142468271547739389e-02
4.874423969331320022e-02
-1.993082439225066338e+01
-3.750764584667403057e+01
9.376173990710025274e-02
-1.804508493355710730e+00
-1.748416604970227795e+01
8.767054232275983683e-02
-6.077470617292711808e+01
3.149216727614684297e-02
-1.589183739058632057e+02
-5.356684284005052810e+00
-5.149005031900047413e+01
-7.021092804391564357e+01
1.066193489204090156e-01
