Number of epochs: 236001
-2.032953088383303353e+00
-1.950140602807440171e+00
1.797039230835153767e-01
1.574797393408964019e-01
-4.166973887812590593e-01
-1.731917607506029455e+01
-1.537180887710102972e+00
-7.373326915206072085e-01
-6.292500941718650154e+00
-3.734187911217080824e+00
-1.864777830649361423e+00
-1.254582239732584981e+01
-5.647841974362910911e+00
9.182644649031053430e-02
2.119604490155382237e+01
6.591579935504521259e-02
4.648307025135366144e-02
-6.785930660097287959e-01
1.976683216042315616e-01
1.045011749087157160e-01
1.034616645725997403e-01
-3.121256588492022366e-01
6.061187415101507853e-02
1.184593255525319133e-01
-9.330520007699705243e-02
5.397201244429133959e-02
-7.498884876076594708e-02
2.672016462352115596e-02
1.275433904233158056e-01
1.255894570747880523e-01
-4.095950846508374932e-01
1.069631063695027223e-01
1.747389171748744141e-01
-4.818549747909989800e-01
1.275959207960930542e-01
1.343872140907003410e-01
8.391407156104299658e-03
2.405156371393095960e-01
-1.917116535684479706e+00
-3.935552334961091581e-01
1.281824157717650070e-01
-2.089833637186426785e+00
-8.680415254484961929e-02
2.228375975601933345e-01
8.778208162905881684e-02
8.187602742267638400e-02
5.502667918369256173e-01
6.053720439505565487e-01
8.457062457564802627e-02
1.695616500862980880e-01
1.085565993217871977e-01
9.279826981187172530e-02
1.548515497598530744e-01
7.715791613718968323e-02
2.566553310240757835e-01
-3.688100519831762902e-01
9.518750147560775532e-02
2.808315502196387925e-01
-3.029052099830993328e+00
8.962523078575375390e-02
8.305810116907344498e-02
-1.598772295226076334e+00
1.443854638121185030e-01
6.948044922771726695e-01
-1.219869816584842726e+00
1.251389555068236348e-01
-4.792956790571841985e+00
-2.316000471474830569e+00
1.978414749957437602e+00
-6.469723422839868121e+00
5.977994388354659905e-02
7.176730987542793982e-02
-1.567475623902703896e+00
-3.526601479307308828e+00
7.215347559107504471e-02
-5.717564125940800546e-01
-1.644773079378476055e+00
-6.341892769603725277e+00
-1.640844797146046030e+00
-1.610218775352226572e+00
-5.080282225044141953e+00
-3.648298358023973620e+00
-5.449761214579329049e+00
-7.845822913030760237e-02
3.066043721154931290e-01
-4.538351559381164080e+00
-1.651015021387018500e+00
4.850210055729241299e-02
-4.969416973667347692e-01
-3.948812999687697500e-01
-1.332214192003744557e+01
-4.860978855757299044e+00
-6.186279817320262941e-02
-1.176270287904267242e+01
-2.315225619904781595e+00
-1.395987732412510063e+00
-1.416462500548232128e+01
-1.393649990241514258e+00
2.652569999651898103e-01
1.765208645114103581e-01
2.614081973369093981e-01
2.893259817029608105e-01
2.596727106588748057e+01
3.052571549893355884e-01
8.789802484099956681e-01
1.363884048207630872e-01
2.606026102636666564e-01
2.083569931237101991e-01
3.258263357606324129e-01
-2.425908826119170136e+00
1.701568167886329253e-01
-8.018712410329755791e-01
1.187530555009503441e+00
1.824739342214227733e-01
-1.822840047823583554e+00
4.297029944243310751e-01
-1.606164210005754045e+00
-1.167268300328244468e+00
2.362709663833764129e-01
-2.179796042161127989e+00
3.237170283874607479e-01
-2.649893064688372490e+00
4.427447088919169924e-03
4.735899772785664985e-01
1.204966558883359545e-01
1.954629321246318940e-01
1.508662111414480200e-01
7.289187292316909317e-02
1.279762440230357012e-01
7.664962234397439123e-02
-1.113211031569143250e+00
-2.331502475955175846e-01
-1.783367621152770477e+00
-2.203720489881481726e+00
-8.561262483049428273e-02
-2.244482393727024849e+00
-2.352357903063523548e+00
-3.200406501072680321e+00
-2.628070591350784913e+00
-1.742575445858633332e+00
-1.725149759769896818e+00
-1.398043103179833935e+00
-2.214160975098672601e+00
1.784069273978337172e-02
-2.404300349437321849e+00
-6.839445719554831271e+00
-1.423710056013213876e+00
-6.814181188848598580e+00
-1.207541461902106583e+01
-8.567115325237352863e+00
-1.216438707338518022e+01
-1.855975510936209050e+00
-5.341549411834176780e-02
-1.547979461965713988e+01
1.624129161025525403e-01
-3.561354691065561628e-02
-7.874121485134498499e+00
1.157839449321249603e-01
-1.618550532940011877e+01
2.010324417903192606e-01
-2.294074776780752245e+01
2.323380790569412879e-01
6.692410362899495202e-02
7.986062038014345166e-02
3.425532892706327215e-01
1.443755721470565412e-01
9.527165087506511698e-02
9.915265634036242448e-02
-1.953070612844198095e+01
1.008919306434440943e-01
-9.688404086155026462e+00
1.019772587434567002e-01
-1.178635992279882849e+01
-2.019198448406077720e-03
-1.219840420975299367e+01
-1.737341486624077724e-01
-3.256951954768382840e-01
6.417434188887555235e-02
3.834946734816910285e-01
3.216791025936606152e-01
1.447388123030091955e-01
-1.762458314659823699e+01
6.143024322295616291e-02
4.875755153138228160e-02
-1.993082439225066338e+01
-3.750764584667403057e+01
9.379839840618517388e-02
-1.804508493355710730e+00
-1.748416604970227795e+01
8.768878181067514543e-02
-6.121588113757688632e+01
3.159792864017905989e-02
-1.589183739058632057e+02
-5.356684284005052810e+00
-5.149005031900047413e+01
-7.021092804391564357e+01
1.065996198300833420e-01
