Number of epochs: 102001
-1.930222736640060832e+00
-1.736708963237699965e+00
1.859265599783986311e-01
1.908136055425799782e-01
-4.581821022263170562e-01
-1.635150912773569942e+01
-9.390658504148068353e-01
-6.944918655791239015e-01
-5.239486375576136723e+00
-3.286999978791831367e+00
-1.475757428930027038e+00
-1.320139410429981908e+01
-6.060605927681670835e+00
9.374778568191589889e-02
1.878146220367458241e+01
6.731253940617387688e-02
7.187054650532201383e-02
-6.102049780551674907e-01
1.752791215211098041e-01
9.266141882742044700e-02
1.042141358323723649e-01
-2.287222886787802778e-01
5.814177886997615868e-02
1.057696598925107340e-01
-3.671466001450904987e-02
6.043918198556234855e-02
-1.007512520677595821e-02
2.510920799956549432e-02
1.024592258176997700e-01
1.228570959789865996e-01
-4.464408378229716146e-01
1.070589635734983947e-01
1.835679105314674542e-01
-5.425038217341733304e-01
1.141160184669048061e-01
1.368357223969440539e-01
7.119418027995699783e-02
2.493441409957042054e-01
-1.771985644796420400e+00
-3.410663705741961427e-01
1.190476442394697715e-01
-2.187655487779567309e+00
-1.556359066969919824e-01
2.200588832950095830e-01
8.527324011867477849e-02
8.044831293989007648e-02
5.335575436291999374e-01
6.141895901292641069e-01
1.024652633306713800e-01
1.642608499673891553e-01
1.119280201500139071e-01
1.060483324083123097e-01
1.531408352202059120e-01
8.008767600134264475e-02
2.829196559485956941e-01
-3.610493743629007990e-01
-1.204089328274646903e-02
3.021009195043926621e-01
-3.422321397715339053e+00
9.445100650010566923e-02
8.784347323800452412e-02
-8.499538401556436806e-01
1.261835092788717860e-01
7.582349303212468916e-01
-8.982269095924071411e-01
1.310015896601534058e-01
-6.712574265600244061e+00
-2.444309867595679364e+00
1.809104433324721262e+00
-7.716176882820404259e+00
5.952708938399032396e-02
6.793049782045545992e-02
-1.454930437312629721e+00
-2.787016289113584566e+00
7.752801951387901236e-02
-8.229126878373548282e-01
-1.624023816573649359e+00
-5.013156127258967310e+00
-1.155450751574926826e+00
-1.853534788581502113e+00
-6.123261075686672328e+00
-3.893788874069714190e+00
-5.187841509180519672e+00
-4.244644904997146861e-02
5.774947252148896620e-02
-4.348728489086761684e+00
-1.832117554108946056e+00
4.176497377990967541e-02
-5.471139603752155356e-01
-4.313350552550908601e-01
-1.379870629323608178e+01
-6.747844733273903550e+00
-4.542609189372923129e-02
-1.078416571476157415e+01
-1.515753977295682731e+00
-1.509231356784951794e+00
-1.166042352950989347e+01
-9.898316368692695599e-01
3.192893956626393637e-01
1.636653886733936414e-01
2.933341743515606725e-01
3.219218107959604946e-01
1.920508174892893649e+01
3.225213602341870933e-01
9.763729605077544615e-01
1.387766625620416305e-01
2.668440982135121264e-01
2.072538393132015988e-01
3.361791256252937288e-01
-2.638568929258820361e+00
1.416114141822212291e-01
-4.202393953165912688e-01
1.279634225492067179e+00
2.026155158764812447e-01
-1.620195020798981034e+00
4.353974070742575031e-01
-2.229082560964146698e+00
-9.814227654998872730e-01
2.377220961782883502e-01
-2.217798448059185024e+00
3.460359984722333748e-01
-2.649511881605697283e+00
1.469935413637969354e-02
4.712678234420736856e-01
1.174557408020069360e-01
1.886021032499801686e-01
1.583059521334648223e-01
7.850854558854256093e-02
1.634288842302695499e-01
7.095025707555033256e-02
-9.887544339708352892e-01
-2.679093382159584147e-01
-2.052415169267536310e+00
-2.392835234545989120e+00
-1.572935979889697189e-01
-1.840582476703562342e+00
-2.611527074759333988e+00
-3.897801793945923965e+00
-1.686403242292334070e+00
-2.332256305695028065e+00
-1.323203512629774314e+00
-2.332379886106493050e+00
-2.102273653632726003e+00
1.507841988662451081e-02
-2.919332359118770093e+00
-8.469666080702216604e+00
-1.703911313642967551e+00
-6.654238372456236839e+00
-1.152203224270570203e+01
-1.044220778327614596e+01
-1.859223956899054997e+01
-1.938811941018092622e+00
-1.118950440447025185e-02
-1.478229063203879790e+01
1.617260825783345957e-01
-8.395614549509174129e-02
-9.102148672086240566e+00
1.130744789842968029e-01
-1.480651861083328313e+01
2.192500800480630951e-01
-2.611490922046226970e+01
2.253293749458430972e-01
6.569172438549200632e-02
8.593120823898232896e-02
6.395880509716499185e-02
7.572228568754615918e-02
5.103715419067332559e-02
8.410106021534455301e-02
-1.913844651621543136e+01
1.058280533164798198e-01
-6.453158530726082809e+00
1.066238904430556050e-01
-1.066858172397590465e+01
1.682342151211628500e-02
-1.653194869480318019e+01
-1.434852461877851593e-01
-4.788219566023401152e-01
6.290258543894186594e-02
3.921084191138848873e-01
3.269637861270531798e-01
1.251641617992390876e-01
-1.818009965374785608e+01
5.651116864263613232e-02
5.436758418045839480e-02
-1.707803975289530030e+01
-2.686476966937552646e+01
8.384222151812310841e-02
-8.436131524893668576e-01
-2.130754972292266558e+01
7.726138984659744469e-02
-8.501990354117215531e+01
3.518586816478021934e-02
-1.064664761528680685e+02
-4.676111980573449678e+00
-5.589788454128255069e+01
-7.838811042695299136e+01
1.075894895177006150e-01
