Number of epochs: 218001
-2.158890950943992415e+00
-2.004495357246145026e+00
1.774393359928149450e-01
1.585813407250460660e-01
-4.497896496998918803e-01
-1.703391066152044075e+01
-1.455049468580991157e+00
-7.688324922364335734e-01
-6.097434668545563596e+00
-3.842653936031662720e+00
-1.876727343660369085e+00
-1.116935987796675001e+01
-5.704482177024581269e+00
9.105155146574722691e-02
2.164292821085989260e+01
6.583703132974172423e-02
4.999546296379936416e-02
-6.507809894098417480e-01
1.947336421498130354e-01
1.048650004126155943e-01
1.018952489667584588e-01
-2.436556163369710259e-01
5.906725715254333708e-02
1.186488262954292494e-01
-9.152937901873650639e-02
5.341093532005215111e-02
-7.429041061745908503e-02
2.680179197199379637e-02
1.264262185487946555e-01
1.245358235681869735e-01
-4.273444783207452358e-01
1.066178296930781755e-01
1.736299648819305819e-01
-5.047949866931666918e-01
1.265967104910943331e-01
1.332131452094273139e-01
9.378120498764481311e-03
2.368835976450936187e-01
-1.907222766373727785e+00
-3.929024759008475920e-01
1.280847340973042536e-01
-1.989013067462964912e+00
-7.560972082128708527e-02
2.207458710725611895e-01
8.647094662680086807e-02
8.137864074155047589e-02
5.333529347573500168e-01
5.895512493037944335e-01
8.450550667124041848e-02
1.676014391120734803e-01
1.062058372907359188e-01
9.352058996237803956e-02
1.535228966214566837e-01
7.594638054230519464e-02
2.534324928348556383e-01
-3.767135506841402526e-01
9.628951971028590351e-02
2.736793814092293720e-01
-3.060998892564098295e+00
8.884113987140027091e-02
8.404601133700841109e-02
-1.381797631406814553e+00
1.439260076356513318e-01
7.058327106639386006e-01
-1.188988997097248257e+00
1.246398184811927934e-01
-5.033376389460485711e+00
-2.376386010869905974e+00
2.002109438453651968e+00
-6.621290431179899016e+00
5.920974091646426241e-02
7.404067000037470314e-02
-1.357770143037819066e+00
-3.309096883162063740e+00
7.191105021222252147e-02
-5.826510088579013313e-01
-1.658163921957682030e+00
-5.894963019540126581e+00
-1.673122235894609178e+00
-1.636684497483288148e+00
-5.093824382122715377e+00
-3.449818000904276261e+00
-5.445773808536783278e+00
-7.250121565330999718e-02
3.684350596875975437e-01
-4.605719615301101300e+00
-1.727415027472753328e+00
4.765771684734177588e-02
-5.132591493401406080e-01
-3.996729679491214382e-01
-1.376994570745314483e+01
-4.944667585031397472e+00
-5.173858077449827730e-02
-1.191104427636468799e+01
-2.172107827060049789e+00
-1.412623175282957888e+00
-1.430823656363832264e+01
-1.211246986552512617e+00
2.628749905535774367e-01
1.741889218768016279e-01
2.572641964305109608e-01
2.818548129633973720e-01
2.544873030279418913e+01
2.983922690582690440e-01
8.864024323501440428e-01
1.351090686587342604e-01
2.551903253871464772e-01
2.055880373925207671e-01
3.160290524633207476e-01
-2.391059520306806352e+00
1.696199772025868968e-01
-7.196922098867877260e-01
1.202462761814129033e+00
1.820440973702835974e-01
-1.819075295079202403e+00
4.140688224004039908e-01
-1.592766535908128667e+00
-1.181087028217957968e+00
2.332866491385668095e-01
-2.238427160491492263e+00
3.156819023718123729e-01
-2.703944730984447098e+00
-6.349701980863281352e-03
4.598220100884109485e-01
9.532037333797992174e-02
1.927316707130277695e-01
1.500764565544897289e-01
7.023288488788065331e-02
1.294219035507802318e-01
7.595975177596869798e-02
-1.082712610539019904e+00
-2.165970582466662242e-01
-1.615447305669134304e+00
-2.288356866490072861e+00
-2.294064099888663000e-01
-2.369763928718084944e+00
-2.374430387708361234e+00
-3.268467130241887730e+00
-2.660154471028036038e+00
-1.798876040666310461e+00
-1.718382800569432600e+00
-2.125297700825195424e+00
-2.304862286315012998e+00
1.876994427466049942e-02
-2.347211358773322765e+00
-7.134661651987142861e+00
-1.426970478301671230e+00
-6.896006229398314424e+00
-1.101538122338165770e+01
-8.735100186970480962e+00
-1.288555368639585197e+01
-1.864648485080100615e+00
-6.051033688603430633e-02
-1.557238558096872083e+01
1.594251093264644759e-01
-9.271342389343681378e-02
-8.006643564047514872e+00
1.154089184377582872e-01
-1.573389213728733083e+01
2.001874599015387723e-01
-2.352578489008983098e+01
2.312587249141512813e-01
6.800324307371533039e-02
8.059043895557180259e-02
6.490810251058845570e-02
1.496707462943016598e-01
1.009572528578552841e-01
9.023464249599764953e-02
-2.055371196118909438e+01
1.004246211502927838e-01
-9.708692428219231729e+00
1.020202321619253921e-01
-1.194874186212453182e+01
-9.956706389300145135e-04
-1.274933261570766341e+01
-1.805308757935165653e-01
-3.043061905028811021e-01
6.406191651170110857e-02
3.708016370290609931e-01
3.113355540624617723e-01
1.439190340032978910e-01
-1.811318186427870103e+01
6.040318368139607763e-02
4.809974109422236743e-02
-1.967141473289297338e+01
-3.547084411718477526e+01
9.372316991680493259e-02
-1.472647304276561542e+00
-1.765874926679499879e+01
8.749866940012114569e-02
-6.388012251254173179e+01
3.412538366556967101e-02
-1.498576928382515234e+02
-4.806829027985608960e+00
-5.317256232194375798e+01
-6.485911045942908970e+01
1.000704353897841625e-01
