Number of epochs: 129001
-1.822278000726545777e+00
-1.910458639484140742e+00
1.882765891477296283e-01
1.874826810701499535e-01
-4.129296588100400678e-01
-1.540134635627311077e+01
-1.251752919876303993e+00
-6.958881238101641831e-01
-5.228247422204284511e+00
-3.191538570771247141e+00
-1.470254402824105133e+00
-1.146006388429165312e+01
-6.585272720758119647e+00
9.222992503555677013e-02
2.293534969921592293e+01
6.017895829083526327e-02
6.074488595925361251e-02
-6.702318298311590317e-01
1.793428941917189212e-01
1.050325707964086391e-01
1.095292220584428988e-01
-2.344943537417306934e-01
6.384441727846673631e-02
1.044924575008648882e-01
-4.286915004773977911e-02
6.325161934384690432e-02
-3.562630699314298099e-02
2.523503983082357044e-02
1.029238550624839016e-01
1.260374526258097594e-01
-4.122964110567032825e-01
1.061652023703664044e-01
1.860069492214898590e-01
-5.321501300570395943e-01
1.374821119002327674e-01
1.372231687518311871e-01
3.007698168264447483e-02
2.585726103152805599e-01
-1.855333602953467942e+00
-4.728271993433813547e-01
1.176839494114341467e-01
-1.961436682917455876e+00
-1.713292744457938499e-01
2.318378362858626585e-01
8.513237878834184480e-02
7.771002523676562301e-02
5.480861833352684842e-01
6.099583869858757890e-01
9.765457542565936233e-02
1.671914359643797421e-01
1.170478747097454808e-01
1.023069424867753124e-01
1.599851303681236458e-01
7.980298964285846564e-02
2.920549437208764254e-01
-4.146928197990954468e-01
3.919758616914507249e-02
3.146824208862518679e-01
-3.268587169478409216e+00
9.266243026130915883e-02
8.595522555817233790e-02
-8.722249093479326199e-01
1.263618941211345492e-01
7.400847009515110209e-01
-1.159033857192101946e+00
1.303310408564060940e-01
-6.280311791491464568e+00
-2.200114791533573921e+00
2.000844636717825864e+00
-6.797712138180751040e+00
6.165858949632008895e-02
6.529734433227717127e-02
-1.586327794453521012e+00
-3.155176034379275851e+00
7.775437258293575737e-02
-5.055176793133910884e-01
-1.526664060759767683e+00
-5.516433931410885450e+00
-1.732260255619950007e+00
-1.718623067218992384e+00
-5.874781050277585237e+00
-3.652753304422150293e+00
-5.240207709131550651e+00
-7.405002578963712501e-02
5.807009582985361157e-02
-4.946286366655302302e+00
-1.719043067801861779e+00
4.967608832748650338e-02
-5.479330698414454082e-01
-5.085684178769225294e-01
-1.443222968345065738e+01
-6.223187318391717682e+00
-9.752702436884669313e-03
-1.197069718173191610e+01
-1.602282353930066350e+00
-1.501941300727533513e+00
-1.552277954115487368e+01
-9.729392119909844316e-01
3.104943924991360737e-01
1.673948110546294721e-01
3.025172036238910622e-01
3.157347887938538600e-01
2.226283930960986623e+01
3.308150538197917601e-01
9.610646736270817003e-01
1.390231741977288882e-01
2.771097602240467084e-01
2.141164448148249744e-01
3.467165936691723460e-01
-2.405923052914821447e+00
1.398027781422136184e-01
-4.526928809608048998e-01
1.271263908422654021e+00
2.026612225051314387e-01
-1.562287873860101151e+00
4.463577518615242101e-01
-1.951349823738291800e+00
-1.171574668652496598e+00
2.469276490002630942e-01
-2.325046990022718862e+00
3.485841861472248615e-01
-2.850420696092473616e+00
1.157806881863054221e-02
4.761070119862654271e-01
1.101900826485458090e-01
1.968738268730625685e-01
1.566275583459843246e-01
7.792833133811147284e-02
1.546689569432732059e-01
7.430881021211192816e-02
-9.430657477635919772e-01
-2.222193133580040170e-01
-1.830694116066557298e+00
-2.473046986840282901e+00
-1.978285525119744814e-01
-1.763335255106627031e+00
-2.340490715869213201e+00
-3.775583495196485284e+00
-1.636583459833294896e+00
-2.029545877797951814e+00
-1.410172060084054824e+00
-2.429980262374654920e+00
-2.070184593167448739e+00
1.975827296190606208e-02
-2.761632728427294126e+00
-8.576354917247826393e+00
-1.600342085455133123e+00
-6.508524347413703559e+00
-1.068264898400265750e+01
-1.059034178741426402e+01
-1.397404324054642899e+01
-2.016624132734913033e+00
-4.461727389611987865e-02
-1.456557847705179043e+01
1.635034881177300781e-01
-9.004944898057484770e-02
-8.401073809312237017e+00
1.239730346718311976e-01
-1.456858523746647194e+01
2.230744133337701218e-01
-2.363210293256419092e+01
2.419793493895964209e-01
7.692151785651803186e-02
8.380395630483296332e-02
6.474995971985694765e-02
7.572958628385870194e-02
2.833108684788180343e-01
8.294532947416737023e-02
-1.938181206577154825e+01
1.083428047880322376e-01
-7.092192413123468597e+00
1.051445491541912886e-01
-1.127833661390601883e+01
5.751549791314885911e-03
-1.462509146112165404e+01
-1.395427447851747826e-01
-5.399307967871745939e-01
7.024847471648799913e-02
3.999102595804843174e-01
3.397572533555762164e-01
1.241295012168619344e-01
-1.914136771401116732e+01
5.760689586764830561e-02
5.583280497722937358e-02
-1.955398948630707778e+01
-3.669494180691180674e+01
8.310969913014688848e-02
-9.487812910673877331e-01
-2.016768760303059338e+01
7.635488405396037570e-02
-7.729079273957239593e+01
3.329245031836405161e-02
-1.038965167495683772e+02
-4.326492539911991564e+00
-5.474912447407805871e+01
-7.908176840939913177e+01
1.054324904120577389e-01
