Number of epochs: 329001
-2.080661332946166731e+00
-2.223095625968312117e+00
1.699078272585836380e-01
1.517539601262611892e-01
-5.309269050493841124e-01
-1.610641503477203429e+01
-1.523279397876415198e+00
-6.885647297567122349e-01
-9.156533993174789998e+00
-4.780120181543011881e+00
-1.835261251265628557e+00
-1.251380906597048615e+01
-5.207836860121409117e+00
8.900001308051573579e-02
2.151548108263655834e+01
5.534431027068448944e-02
4.024368626120559261e-02
-7.563883374976536622e-01
1.898460016431759156e-01
9.862104424596788987e-02
1.014836139753080430e-01
-3.058334732794881772e-01
6.165255309449509807e-02
1.069417205626221334e-01
-1.095066835838848091e-01
5.218231338283086523e-02
-8.664513119194183766e-02
2.741643049082816141e-02
1.160059242649377764e-01
1.222652745155211190e-01
-4.086132447177565630e-01
1.037970140512528144e-01
1.638018010159238147e-01
-3.524893304191441534e-01
1.215432017459884689e-01
1.293179227680402998e-01
1.059303586109203426e-03
2.633431159359273521e-01
-2.196561094680520299e+00
-3.863084237096582330e-01
1.200851905262688146e-01
-2.292902225714972708e+00
-6.467107187660597889e-02
2.135294798302871389e-01
8.649533332868593327e-02
7.690381286584770104e-02
5.276927814766312341e-01
5.992292326405939118e-01
8.333884841538452548e-02
1.625368956408662913e-01
1.021512361343559910e-01
8.673832900211435326e-02
1.479045195211274866e-01
7.611371521751990332e-02
2.486350492032229353e-01
-1.648468627378260887e-01
8.500333509352250849e-02
2.728568027100313764e-01
-2.734294284659855467e+00
8.461709362666525180e-02
7.905750511782970447e-02
-1.501443737255131250e+00
1.365681675396791250e-01
6.750339163030809608e-01
-1.223032315438129736e+00
1.199437793798092677e-01
-5.745193492617932662e+00
-2.314352927568318119e+00
1.915226364146814575e+00
-6.500441177163694739e+00
6.894838825902409318e-02
6.236541919856141564e-02
-1.523019131283273930e+00
-3.433011814172393539e+00
6.943249028767924103e-02
-8.698692133680592242e-01
-1.718194438629245369e+00
-6.605888053384457059e+00
-1.583779141287615877e+00
-1.600117847093206702e+00
-4.559356863906690371e+00
-3.314005307554793500e+00
-6.304577675842858220e+00
-7.423338881684356239e-02
1.431897544706043079e-01
-5.021808265700786755e+00
-1.654183204620243375e+00
4.844474687003003793e-02
-5.999325169280519399e-01
-4.109066126878427316e-01
-1.429687552266465289e+01
-4.627718352004852598e+00
5.017793644317795898e-02
-1.205566271376139831e+01
-2.504979806889818139e+00
-1.553918095752158779e+00
-1.471410869858326720e+01
-1.600118073379303896e+00
2.427248571244868813e-01
1.801756422756807530e-01
2.446078214827962227e-01
2.703682593962286052e-01
2.683000354870529236e+01
2.891185985284165927e-01
8.762051626984985742e-01
1.286615065796869462e-01
2.610897329265454148e-01
2.005440650256566093e-01
3.112681067954680136e-01
-2.161014805340323086e+00
1.566250444627784733e-01
-7.534168424066668424e-01
1.133489100134410510e+00
1.771494878300232112e-01
-1.784270419552465237e+00
4.165374632248193820e-01
-1.586598300277606732e+00
-1.158444629465246178e+00
2.289301710118590849e-01
-1.723732323183652770e+00
3.057229793392535200e-01
-2.570256750715125715e+00
-3.483823717064888411e-03
4.552742646076882171e-01
1.073299862461057491e-01
1.874184306654649301e-01
1.430181960442999944e-01
6.947005746166086404e-02
1.145266029317021927e-01
7.217495804775286850e-02
-1.079268498393807896e+00
-2.555442324054247871e-01
-1.697405283095284823e+00
-2.396141985943029518e+00
-1.605450713403781260e-01
-2.253739702231868147e+00
-2.460758080570027317e+00
-2.937940942086586738e+00
-2.508274815920014333e+00
-1.803751923121600820e+00
-1.783056910127032824e+00
-1.688654412375613312e+00
-1.944984819679489441e+00
9.690092117398256891e-03
-2.431093019823600265e+00
-8.123638635948307041e+00
-1.790411215144105395e+00
-6.454665029492433703e+00
-1.146992220078726810e+01
-8.677256822910585754e+00
-1.117148494851267948e+01
-1.844673542422713197e+00
-6.622935115746859946e-02
-1.443806893964640103e+01
1.546251040418546441e-01
-5.773017410409225780e-02
-7.277936825361827289e+00
1.109315666469330164e-01
-1.531271815054861563e+01
1.823515140695244896e-01
-2.431253858687595226e+01
2.198344516024469675e-01
5.948335784750654470e-02
9.439575658893632759e-02
2.482988191168665759e-01
1.160132584398507749e-01
9.407627108858210296e-02
9.273930277678439638e-02
-1.930418748219270952e+01
9.833560708531795258e-02
-9.592999125472701394e+00
9.802398760972631797e-02
-1.232097721110358002e+01
-9.022123534504511780e-03
-1.213946762339814001e+01
-2.255574324238397710e-01
-3.777895880582348154e-01
6.399908771665929752e-02
3.754727657806584684e-01
3.221491905969009473e-01
1.367250749204106663e-01
-1.791754822636553257e+01
5.613980270697685460e-02
4.373703923617285744e-02
-2.017972343986077988e+01
-3.512757405890924645e+01
8.659572644869838187e-02
-2.181667669218142702e+00
-1.701689053863294632e+01
8.353159584306650565e-02
-5.716745379906377877e+01
2.296790395996626058e-02
-1.728968413377830586e+02
-5.281032060610856504e+00
-4.940744999734398846e+01
-6.771911666975319122e+01
9.906435861795577502e-02
