Number of epochs: 331001
-2.080661332946166731e+00
-2.200282559334972632e+00
1.695855583633145425e-01
1.512579900773300678e-01
-5.369506181805507872e-01
-1.610641503477203429e+01
-1.664257029740019656e+00
-6.972060425007361451e-01
-9.156533993174789998e+00
-4.780120181543011881e+00
-1.851160517800603200e+00
-1.239549204592879406e+01
-5.178538645901224591e+00
8.889979839300504727e-02
2.147508077617851541e+01
5.511749375334180218e-02
4.011039418008321977e-02
-7.504611474829597784e-01
1.895889805513005510e-01
9.849622394689179494e-02
1.013668111092320689e-01
-3.099130245807115158e-01
6.138920407443249766e-02
1.068064606941747097e-01
-1.080077131854753902e-01
5.194110249732721701e-02
-8.664513119194183766e-02
2.680196551996592499e-02
1.156742341735897128e-01
1.219952335787912873e-01
-4.086132447177565630e-01
1.034939325289603584e-01
1.635003676186732591e-01
-3.480819577776806395e-01
1.210651761023220502e-01
1.290812508687506910e-01
9.470071178700269253e-04
2.622937130000635442e-01
-2.193812893625396665e+00
-3.825306219703659694e-01
1.197864303691075494e-01
-2.292902225714972708e+00
-6.519563801801328551e-02
2.138057903611517430e-01
8.642749876011439347e-02
7.686693645261845342e-02
5.269200757286804926e-01
5.987481646198627994e-01
8.334825733957627880e-02
1.622523056118393425e-01
1.020741259215147689e-01
8.667448374146262402e-02
1.475967398108276041e-01
7.603284059022850927e-02
2.476955672873557002e-01
-1.648468627378260887e-01
8.480172503803391770e-02
2.719189080178614493e-01
-2.750269459235076930e+00
8.448754066989104528e-02
7.893505704801968836e-02
-1.492275609047825746e+00
1.362774613421070813e-01
6.752590847654585948e-01
-1.223032315438129736e+00
1.196988138453967537e-01
-5.734273366626901236e+00
-2.299432685503408624e+00
1.904977690013096359e+00
-6.471017904221172401e+00
6.880194257737037855e-02
6.216172404302598015e-02
-1.518222506304194308e+00
-3.423237639868920823e+00
6.925905631307838206e-02
-8.698692133680592242e-01
-1.718194438629245369e+00
-6.871613685063248766e+00
-1.583779141287615877e+00
-1.590389494995779307e+00
-4.559356863906690371e+00
-3.314005307554793500e+00
-6.304577675842858220e+00
-7.323255833330229170e-02
1.414940680648208160e-01
-4.975233384049887242e+00
-1.675551823732704060e+00
4.825210937779361026e-02
-5.999325169280519399e-01
-4.128057699809211112e-01
-1.429687552266465289e+01
-4.590229849574915200e+00
4.610428213617873833e-02
-1.205566271376139831e+01
-2.504979806889818139e+00
-1.548668678041718705e+00
-1.459621227648667308e+01
-1.592586443871679691e+00
2.422127649476190636e-01
1.798115826485167101e-01
2.433617146477143334e-01
2.693727831852174570e-01
2.683000354870529236e+01
2.882071360048050201e-01
8.732049159366928048e-01
1.283977164802182214e-01
2.600738467549553734e-01
2.002358375892338005e-01
3.105471804218163934e-01
-2.161014805340323086e+00
1.562269371020015007e-01
-7.534168424066668424e-01
1.128175397275441583e+00
1.766792810162120253e-01
-1.784270419552465237e+00
4.155764035096851661e-01
-1.569020609024304180e+00
-1.151368328184656065e+00
2.286511557467920952e-01
-1.723732323183652770e+00
3.047514148588008065e-01
-2.565972720677085039e+00
-3.415905996425537463e-03
4.545078109137883904e-01
1.069167685371888860e-01
1.870528045097554493e-01
1.426432711408218146e-01
6.932660269829216126e-02
1.140967647798973306e-01
7.140978178075292615e-02
-1.083307069918686416e+00
-2.531235562013735563e-01
-1.688348174663144130e+00
-2.380234146079102775e+00
-1.642961416009889319e-01
-2.253739702231868147e+00
-2.460758080570027317e+00
-2.946225545875195806e+00
-2.508274815920014333e+00
-1.803751923121600820e+00
-1.795909968567497073e+00
-1.682487850988050315e+00
-1.944984819679489441e+00
9.857453159990254080e-03
-2.413238892334006014e+00
-8.123638635948307041e+00
-1.794599062412312263e+00
-6.454665029492433703e+00
-1.146884778209361322e+01
-8.626721236580728203e+00
-1.117148494851267948e+01
-1.844673542422713197e+00
-6.647142558605666218e-02
-1.443806893964640103e+01
1.543459321615905655e-01
-6.116425593780434183e-02
-7.277936825361827289e+00
1.107220181422984007e-01
-1.531271815054861563e+01
1.818607623681151031e-01
-2.423852774571086854e+01
2.195039572235112646e-01
5.898511653782317204e-02
9.411592646940138140e-02
2.462046413467652572e-01
1.154717665675767391e-01
9.354453875578339073e-02
9.262207689433185620e-02
-1.930418748219270952e+01
9.818137844128096980e-02
-9.592999125472701394e+00
9.788640603464664192e-02
-1.232097721110358002e+01
-9.022123534504511780e-03
-1.207715122453098822e+01
-2.244112868294511620e-01
-3.754021776849283398e-01
6.383805354171560864e-02
3.744701672247565116e-01
3.212457299208743566e-01
1.364374881779607807e-01
-1.793772214280922839e+01
5.601405301596300290e-02
4.366750193819592119e-02
-2.088555672296849508e+01
-3.512757405890924645e+01
8.648899526288927886e-02
-2.172865841208637683e+00
-1.701689053863294632e+01
8.334017241701069389e-02
-5.716745379906377877e+01
2.260799518055375476e-02
-1.728968413377830586e+02
-5.525864463358811207e+00
-4.888104618851606631e+01
-6.771911666975319122e+01
9.898240384476647558e-02
