Number of epochs: 261001
-2.076956759936495533e+00
-1.866977781984967777e+00
1.763630822827426670e-01
1.665191141747531800e-01
-4.451313580193254626e-01
-1.726692718848752506e+01
-1.661580270855735453e+00
-6.863063048224415930e-01
-6.566002120431586597e+00
-3.627790854381047314e+00
-1.811555445373165041e+00
-1.191097828723521168e+01
-5.552346932801807355e+00
9.027634928996283725e-02
2.200956092080608784e+01
6.518289236416861809e-02
4.295363197071346006e-02
-6.700329494919592399e-01
1.949104715273885513e-01
1.011018964643394108e-01
1.009457542827485177e-01
-3.156488234052580166e-01
5.765877183379834042e-02
1.133660913531003983e-01
-9.954607398283299435e-02
5.210012254519941904e-02
-8.171593249471841014e-02
3.195126493827103037e-02
1.227704729981037857e-01
1.234551277929449714e-01
-3.951564313679291618e-01
1.061856316461054078e-01
1.702631193494587858e-01
-4.277144973240470383e-01
1.247313986673690700e-01
1.322121256996657557e-01
2.345729322995981914e-03
2.398204636242310950e-01
-1.975755492261957347e+00
-3.970841755227764724e-01
1.242879695141000246e-01
-2.145904816474605070e+00
-1.095944947377381837e-02
2.199140484393002082e-01
8.634249954631696700e-02
7.929618290714258999e-02
5.331806993893721813e-01
5.903650718901403138e-01
8.219045508651366683e-02
1.664462671611093847e-01
1.065484560153854288e-01
9.033806286906963245e-02
1.511637208114493536e-01
7.672410748629085453e-02
2.565997519569789276e-01
-3.510818116681865275e-01
8.917946211378538490e-02
2.784677426405681722e-01
-2.976481230982701121e+00
8.727167317504422317e-02
8.109847205796198721e-02
-1.526298889013403048e+00
1.411482008278379385e-01
6.801534555244872493e-01
-1.278003063607501044e+00
1.224411437473231778e-01
-5.718388302963027137e+00
-2.346853869195649978e+00
1.956825384790431333e+00
-7.004526647971466957e+00
5.845683501634235668e-02
6.717907732174907554e-02
-1.574839816684188376e+00
-3.474952157294198152e+00
7.218776106729771214e-02
-6.013576259638169219e-01
-1.594648078516357703e+00
-6.324383156308611476e+00
-1.613113187539957805e+00
-1.579280151044538227e+00
-4.782813006976565084e+00
-3.632730971950290488e+00
-6.072340388875558936e+00
-8.660211021737307391e-02
2.314728156709194296e-01
-4.686764329640690008e+00
-1.639898257776652990e+00
4.837767447667634668e-02
-5.725895705887169562e-01
-3.785136299893481771e-01
-1.370596946616760547e+01
-4.834859180872800088e+00
-7.119086026117113497e-02
-1.194165532001876073e+01
-2.296934865658381675e+00
-1.421630169244632258e+00
-1.527168241456443454e+01
-1.401809322683778891e+00
2.594899993927478610e-01
1.732615604334298010e-01
2.580183607006505397e-01
2.804425028030257394e-01
2.712520963168745425e+01
2.970121680217358562e-01
8.630430719712527399e-01
1.324504904823518570e-01
2.639122004263630972e-01
2.057449422111651827e-01
3.161462391076840794e-01
-2.350747379825693706e+00
1.652897431460904065e-01
-7.587264341406507739e-01
1.175009380518430291e+00
1.783851695741759946e-01
-1.853672679627686559e+00
4.181210910963343852e-01
-1.576400866036416382e+00
-1.118717743423973454e+00
2.349586247967092312e-01
-2.266855803386244261e+00
3.147884842470050626e-01
-2.792751629926713441e+00
1.317243537207828628e-03
4.622293360058795653e-01
1.146170047067849307e-01
1.926797085501784634e-01
1.470736406155526421e-01
7.034013934573360438e-02
1.223965798281548140e-01
7.491995338373838575e-02
-1.208485879861547208e+00
-2.419943663486491536e-01
-1.738137564380547229e+00
-2.271961169101209599e+00
-1.058230891812730473e-01
-2.113119044842115990e+00
-2.339659546074048357e+00
-3.055445941750828176e+00
-2.608753999373741195e+00
-1.663733366334864572e+00
-1.719696694768156675e+00
-1.540315122998492159e+00
-2.130287651947645688e+00
1.587762722972728760e-02
-2.383033703706277429e+00
-7.064544586911909896e+00
-1.588080157881762711e+00
-6.694877720715261660e+00
-1.177358890424823024e+01
-8.281643280157952702e+00
-1.197193708156109082e+01
-1.852453088448294150e+00
-4.827721664880672836e-02
-1.496459209483356290e+01
1.590577561792304584e-01
-2.801926487364867976e-02
-7.722602071226182474e+00
1.129801421827006797e-01
-1.572239868001601693e+01
1.958577509006688422e-01
-2.215412420960115369e+01
2.299077208734374156e-01
6.630241921292642782e-02
7.803690479984388972e-02
3.009786016042124701e-01
1.333681384005876436e-01
8.356348287485571014e-02
9.566495804200994546e-02
-1.982036074477999676e+01
9.686920726965551898e-02
-9.531565641841643455e+00
1.006064445502373172e-01
-1.222599101375580233e+01
-1.560940883046033675e-03
-1.237072600869660555e+01
-1.852651994810447511e-01
-3.315931341663948539e-01
6.312309050534238575e-02
3.734601226016520115e-01
3.137521167918077558e-01
1.407420539779425106e-01
-1.790435903944852214e+01
5.921752343658658047e-02
4.667463118043770759e-02
-2.116207347822752638e+01
-3.645085383475691287e+01
9.087809270872529432e-02
-1.817513278673517974e+00
-1.790160110997766552e+01
8.599271561999076441e-02
-5.904007582156214085e+01
3.030251527187925384e-02
-1.568155830573942353e+02
-5.456007567351255361e+00
-5.233458361336564479e+01
-6.865395857851166284e+01
1.030221546593683146e-01
