Number of epochs: 219001
-2.158890950943992415e+00
-1.979401187634371562e+00
1.782756981224195847e-01
1.589172648545185695e-01
-4.087093181013398691e-01
-1.703391066152044075e+01
-1.443261637700279598e+00
-7.688324922364335734e-01
-6.097434668545563596e+00
-3.842653936031662720e+00
-1.878017569905143347e+00
-1.116935987796675001e+01
-5.704482177024581269e+00
9.158920458447027124e-02
2.168208710199628442e+01
6.644336876292231131e-02
5.071241980915790204e-02
-6.507809894098417480e-01
1.958596257610217828e-01
1.051254950513981212e-01
1.019095166473391462e-01
-2.436556163369710259e-01
5.962442033222950521e-02
1.187831469310914739e-01
-9.152937901873650639e-02
5.392892873570936940e-02
-7.429041061745908503e-02
2.736871549380630320e-02
1.267317728160066992e-01
1.248552480958660255e-01
-4.273444783207452358e-01
1.068874238871061338e-01
1.743052544562946893e-01
-5.012541014309550569e-01
1.269757532643007725e-01
1.336821341915758465e-01
9.096885164385698497e-03
2.378635413416101962e-01
-1.907222766373727785e+00
-3.929024759008475920e-01
1.284832401230114329e-01
-1.976369718303474077e+00
-7.743579840971688555e-02
2.214536147757014961e-01
8.703691481575095978e-02
8.170496878501139204e-02
5.342976328508950434e-01
5.911047176373567247e-01
8.505826001909383427e-02
1.682319951446208384e-01
1.061460458603227380e-01
9.401933533454952252e-02
1.540242206264751945e-01
7.648931495415181581e-02
2.544429808116312475e-01
-3.767135506841402526e-01
9.698058320248882647e-02
2.750991348881163812e-01
-3.060998892564098295e+00
8.956429657549359880e-02
8.449758869460484434e-02
-1.381797631406814553e+00
1.443965556726172217e-01
7.080532232005781745e-01
-1.188988997097248257e+00
1.248702587547104864e-01
-4.952895682107961051e+00
-2.376386010869905974e+00
2.015846475255355763e+00
-6.621290431179899016e+00
5.965529443920834091e-02
7.441204321922348375e-02
-1.357770143037819066e+00
-3.317826377788855474e+00
7.230101799371296822e-02
-5.762584619838492239e-01
-1.658163921957682030e+00
-5.894963019540126581e+00
-1.673122235894609178e+00
-1.636684497483288148e+00
-5.045960078221402689e+00
-3.449818000904276261e+00
-5.445773808536783278e+00
-7.250121565330999718e-02
3.747433951171207367e-01
-4.580480603159108099e+00
-1.727415027472753328e+00
4.785922199617859835e-02
-5.132591493401406080e-01
-3.996729679491214382e-01
-1.376994570745314483e+01
-4.906601843727448120e+00
-5.173858077449827730e-02
-1.191104427636468799e+01
-2.172107827060049789e+00
-1.413414083391955511e+00
-1.430823656363832264e+01
-1.304750890659695406e+00
2.639401004134396267e-01
1.750147869377082777e-01
2.584124220768034830e-01
2.836629930377814746e-01
2.544873030279418913e+01
3.003617633185286517e-01
8.893626569155078654e-01
1.355936123621954703e-01
2.564660327237385240e-01
2.069480157891501471e-01
3.194735709869791496e-01
-2.397373647992674162e+00
1.702067079241885439e-01
-7.196922098867877260e-01
1.210309058147867933e+00
1.828394129903540000e-01
-1.819075295079202403e+00
4.144911855865110462e-01
-1.592766535908128667e+00
-1.199960080805240858e+00
2.341920220343800541e-01
-2.238427160491492263e+00
3.182556450641766399e-01
-2.703944730984447098e+00
-6.690186362822159345e-03
4.605169225377347964e-01
9.581560890670927366e-02
1.937301770961928349e-01
1.504941303434225441e-01
7.248087090518037789e-02
1.296808014612822468e-01
7.644136200458265251e-02
-1.082712610539019904e+00
-2.165970582466662242e-01
-1.636085626561618822e+00
-2.288356866490072861e+00
-9.537595145881921921e-02
-2.369763928718084944e+00
-2.374430387708361234e+00
-3.268467130241887730e+00
-2.660154471028036038e+00
-1.798876040666310461e+00
-1.718382800569432600e+00
-2.122679174311317141e+00
-2.285189660963881764e+00
1.965576169409373464e-02
-2.348896411026108133e+00
-7.134661651987142861e+00
-1.426970478301671230e+00
-6.896006229398314424e+00
-1.101538122338165770e+01
-8.674766209053185406e+00
-1.288555368639585197e+01
-1.856409892739126599e+00
-5.669933681593166547e-02
-1.557238558096872083e+01
1.600149221192440907e-01
-9.345992713532441654e-02
-8.006643564047514872e+00
1.156831559616799121e-01
-1.573389213728733083e+01
2.012422818868002672e-01
-2.352578489008983098e+01
2.320065012533336635e-01
6.840238068402014482e-02
8.102789069414179091e-02
3.561108928497667137e-01
1.497601571924270791e-01
1.015760468613267353e-01
9.085547084444940691e-02
-2.039471768339606328e+01
1.009895941615889942e-01
-9.708692428219231729e+00
1.022645875296044338e-01
-1.194874186212453182e+01
-7.124248955941850977e-04
-1.263944063569863729e+01
-1.775623252458313761e-01
-3.043061905028811021e-01
6.457164484936153692e-02
3.710792181260623157e-01
3.138131673166869029e-01
1.443785351039189313e-01
-1.811318186427870103e+01
6.091639754091486558e-02
4.858336274692838519e-02
-1.967141473289297338e+01
-3.514131412682326783e+01
9.392059049610007593e-02
-1.508713819628348940e+00
-1.765874926679499879e+01
8.780296473836407545e-02
-6.388012251254173179e+01
3.400866971966613056e-02
-1.501283371022993265e+02
-4.806829027985608960e+00
-5.317256232194375798e+01
-6.430423832032836629e+01
1.047885695128612099e-01
