HKL Value		Reward			TotalReward	Chi Squared Value	Z Coordinate Approximation		dx
1 1 7			0			0		0		0.3		0		0.2012
2 2 0			0			0		2.73701742942		0.357131872152		2.73701742942		11.1953
1 1 3			0.66662102612			0.66662102612		1.40377537718		0.36036554368		2.80755075436		0.4514
3 7 3			0.231176028168			0.897797054289		0.941423320843		0.359837675282		2.82426996253		0.8954
3 1 3			0.0868429650542			0.984640019343		0.767737390735		0.358391957335		3.07094956294		1.2003
0 0 2			0.0751470407925			1.05978706014		0.61744330915		0.357993879542		3.08721654575		1.161
0 2 0			0.00715178944949			1.06693884958		0.603139730251		0.35799257251		3.6188383815		1.4407
7 1 3			0.0259265416203			1.09286539121		0.55128664701		0.357255936014		3.85900652907		1.4031
2 6 2			0.0190302338117			1.11189562502		0.513226179387		0.356294933946		4.10580943509		1.2892
0 2 4			-0.0237060619241			1.08818956309		0.536932241311		0.355006959638		4.8323901718		1.326
3 3 3			0.0263597902714			1.11454935336		0.484212660768		0.355085276214		4.84212660768		0.8081
5 5 3			0.0210841188268			1.13563347219		0.442044423114		0.355192966799		4.86248865426		0.8107
5 3 7			0.0179870478382			1.15362052003		0.406070327438		0.355164118627		4.87284392926		0.2523
1 7 7			0.00734330597135			1.160963826		0.391383715495		0.355045389981		5.08798830144		0.4353
7 1 7			0.0129943850916			1.17395821109		0.365394945312		0.354996110178		5.11552923437		0.3505
2 2 2			-0.00360385906839			1.17035435202		0.36899880438		0.355728215788		5.53498206571		1.1162
7 3 3			0.0016359835687			1.17199033559		0.365726837243		0.356110225274		5.85162939589		1.9283
1 3 3			0.0107367948449			1.18272713044		0.344253247553		0.356094746783		5.85230520841		0.7045
5 3 11			-2.01922870141			-0.836501570977		2.36348194897		0.34524355686		42.5426750814		1.8677
3 1 7			-0.0309010537164			-0.867402624693		2.39438300268		0.345542580794		45.493277051		0.257
6 2 2			0.0153526151544			-0.852050009539		2.36367777238		0.34565150131		47.2735554475		3.3001
3 5 3			0.0516650545602			-0.800384954979		2.26034766325		0.345640583645		47.4673009283		0.9259
2 0 0			0.0352368424304			-0.765148112548		2.18987397839		0.345640583645		48.1772275247		2.02
1 5 3			0.0155828794698			-0.749565233078		2.15870821945		0.345679371661		49.6502890474		0.9511
0 4 16			-1.03985373583			-1.78941896891		3.19856195528		0.345076487278		76.7654869268		1.5557
1 1 1			0.0400147635091			-1.7494042054		3.11853242827		0.345106078394		77.9633107066		0.5749
1 7 3			0.0516632423298			-1.69774096307		3.01520594361		0.345114538499		78.3953545338		0.9932
3 1 1			0.00974089989469			-1.68800006317		2.99572414382		0.345155801094		80.884551883		0.5239
4 4 2			0.00214283361262			-1.68585722956		2.99143847659		0.345240946785		83.7602773446		1.2125
1 3 7			0.0027408900194			-1.68311633954		2.98595669655		0.345418771583		86.5927442		0.1893
0 4 2			0.0015485922273			-1.68156774732		2.9828595121		0.345498747174		89.4857853629		3.2657
5 1 3			0.0326416503705			-1.64892609694		2.91757621136		0.345520673635		90.4448625521		0.9592
3 5 7			0.0190908353268			-1.62983526162		2.8793945407		0.345649647361		92.1406253025		0.2309
2 0 4			0.0284474338635			-1.60138782775		2.82249967298		0.345717378216		93.1424892082		1.3874
5 5 7			-0.037394090289			-1.63878191804		2.85989376327		0.345904993647		97.236387951		0.6639
1 3 1			0.0103011248688			-1.62848079317		2.83929151353		0.345934691025		99.3752029735		0.5324
2 0 2			-0.19637983128			-1.82486062445		3.03567134481		0.346108210151		109.284168413		0.6502
0 2 2			-0.155382939623			-1.98024356408		3.19105428443		0.34626851156		118.069008524		0.4614
0 2 18			-0.544897029041			-2.52514059312		3.73595131347		0.348195975437		141.966149912		0.3755
3 1 15			-0.0655929389638			-2.59073353208		3.80154425244		0.348562854794		148.260225845		0.2871
3 3 1			-0.0526944558167			-2.6434279879		3.85423870825		0.348581249613		154.16954833		0.5106
5 3 1			-0.0300959716477			-2.67352395955		3.8843346799		0.348594617981		159.257721876		0.5252
1 3 15			0.00370619004169			-2.66981776951		3.87692229982		0.348823929688		162.830736592		0.2862
4 0 2			0.0266798726285			-2.64313789688		3.82356255456		0.348832477139		164.413189846		1.7854
1 5 1			-0.0533348982371			-2.69647279511		3.8768974528		0.348852120581		170.583487923		0.4978
5 3 3			0.0352016134175			-2.6612711817		3.80649422596		0.348844002246		171.292240168		0.9351
3 5 1			-0.0428012728947			-2.70407245459		3.84929549886		0.348858357392		177.067592947		0.5283
5 1 1			-0.061215195545			-2.76528765014		3.9105106944		0.348873327852		183.794002637		0.5346
1 5 7			0.0349035798605			-2.73038407028		3.84070353468		0.348888742269		184.353769665		0.6035
2 0 14			0.0201118198064			-2.71027225047		3.80047989507		0.348852027052		186.223514858		0.2634
1 1 15			0.00567996357983			-2.70459228689		3.78911996791		0.348739501576		189.455998395		0.656
1 7 1			-0.0762810850348			-2.78087337192		3.86540105294		0.348754549146		197.1354537		0.5219
2 0 10			-1.39047133998			-4.1713447119		5.25587239292		0.348678758238		273.305364432		0.6169
2 0 6			-0.221270634216			-4.39261534612		5.47714302714		0.348786056167		290.288580438		1.6278
0 2 6			-0.170787556051			-4.56340290217		5.64793058319		0.348888816057		304.988251492		1.1672
2 4 8			-0.855268290958			-5.41867119313		6.50319887414		0.349692886573		357.675938078		0.1687
6 2 4			-0.0522591245948			-5.47093031772		6.55545799874		0.349755549361		367.105647929		0.8727
5 1 9			-0.575997396513			-6.04692771423		7.13145539525		0.350316938193		406.492957529		0.4583
2 4 12			-0.870674716744			-6.91760243098		8.002130112		0.351723029738		464.123546496		0.2205
0 6 12			-0.635078952039			-7.55268138302		8.63720906403		0.352825981873		509.595334778		0.3425
1 1 5			0.0422817235719			-7.51039965944		8.55264561689		0.352879004202		513.158737013		1.9661
4 2 8			-0.0361991316673			-7.54659879111		8.58884474856		0.35307578096		523.919529662		0.7605
1 5 9			-0.0973345501373			-7.64393334125		8.6861792987		0.353304659456		538.543116519		0.4394
4 4 8			-0.0534532409342			-7.69738658218		8.73963253963		0.353153134954		550.596849997		3.9407
3 1 9			-0.178312388418			-7.8756989706		8.91794492805		0.353424383919		570.748475395		0.36
4 2 12			-0.060736929619			-7.93643590022		8.97868185767		0.353713562853		583.614320748		0.2244
0 2 12			0.0570166896881			-7.87941921053		8.86464847829		0.35378030065		585.066799567		0.3827
3 3 9			-0.0244675714169			-7.90388678195		8.88911604971		0.35392416298		595.57077533		0.3816
2 0 12			0.0547398850482			-7.8491468969		8.77963627961		0.353985926475		597.015267014		0.8079
0 2 16			0.0601232278959			-7.789023669		8.65938982382		0.354027428522		597.497897844		1.8687
0 2 14			0.0387423322777			-7.75028133673		8.58190515926		0.354026930256		600.733361148		0.2479
3 5 9			0.045046245927			-7.7052350908		8.49181266741		0.35407096356		602.918699386		0.4755
0 6 18			0.058911329881			-7.64632376092		8.37399000765		0.354073895115		602.927280551		0.7949
5 3 9			0.0479992620953			-7.59832449882		8.27799148346		0.354111627763		604.293378292		0.4833
2 6 4			0.0251024798723			-7.57322201895		8.22778652371		0.354129677567		608.856202755		0.8772
1 1 9			-0.299808463056			-7.87303048201		8.52759498677		0.354431605265		639.569624008		0.2216
7 1 1			0.0134097922501			-7.85962068976		8.50077540227		0.354438680003		646.058930572		0.5207
4 4 4			0.0371489113455			-7.82247177841		8.42647757958		0.354451887116		648.838773628		0.8476
0 4 4			0.029090487005			-7.79338129141		8.36829660557		0.354465060219		652.727135234		0.8482
4 2 14			-0.0479288931144			-7.84131018452		8.41622549868		0.3544728716		664.881814396		1.2576
2 4 14			-0.041264759104			-7.88257494363		8.45749025779		0.354479368871		676.599220623		0.5221
2 0 16			0.0499071615838			-7.83266778204		8.35767593462		0.354508752117		676.971750704		0.5935
2 0 8			-0.347999711704			-8.18066749375		8.70567564632		0.354756515013		713.865402998		0.1665
0 0 12			-4.25431057406			-12.4349780678		12.9599862204		0.355862834673		1075.67885629		3.2426
3 7 1			-0.0251514059392			-12.4601294737		12.9851376263		0.355875643733		1090.75156061		1.2822
2 4 2			-0.0485536145685			-12.5086830883		13.0336912409		0.355911283902		1107.86375548		0.3828
1 3 5			0.070037247787			-12.4386458405		12.8936167453		0.355893575273		1108.8510401		3.1323
0 2 22			-0.169842518372			-12.6084883589		13.0634592637		0.356100463575		1136.52095594		1.8317
2 4 6			-0.142718445042			-12.7512068039		13.2061777087		0.356195276136		1162.14363837		0.785
5 5 1			-0.0423578047362			-12.7935646087		13.2485355135		0.356207266922		1179.1196607		0.5073
4 2 6			-0.166273663823			-12.9598382725		13.4148091773		0.356308771661		1207.33282596		1.6049
1 1 17			-2.08055768121			-15.0403959537		15.4953668585		0.35676942912		1410.07838412		2.447
4 0 4			0.0728275266852			-14.967568427		15.3497118051		0.356779924256		1412.17348607		1.2165
0 6 14			-0.00605045810798			-14.9736188851		15.3557622632		0.356779924256		1428.08589048		0.9096
0 6 16			0.080570245191			-14.8930486399		15.1946217729		0.35676232318		1428.29444665		0.4825
7 3 1			0.002606522701			-14.8904421172		15.1894087275		0.35677695979		1442.99382911		0.5095
3 1 5			0.0649143611245			-14.8255277561		15.0595800052		0.356746216188		1445.7196805		2.8985
2 2 4			0.0705593091856			-14.7549684469		14.9184613868		0.356749442411		1447.09075452		0.7551
6 0 12			0.0696779907234			-14.6852904562		14.7791054054		0.35679817273		1448.35232973		0.5892
5 1 7			0.0746393026766			-14.6106511535		14.6298268		0.35679817273		1448.3528532		0.2609
4 2 2			-0.0367084613904			-14.6473596149		14.6665352614		0.356837993452		1466.65352614		0.457
1 3 9			0.0550516512589			-14.5923079637		14.5564319589		0.356901171665		1470.19962785		0.2622
1 1 11			-0.0299359221866			-14.6222438858		14.5863678811		0.356820495378		1487.80952387		2.144
0 0 4			0.057243935703			-14.5649999501		14.4718800097		0.356829906985		1490.603641		0.8482
2 4 4			-0.0920966855926			-14.6570966357		14.5639766953		0.35679366257		1514.65357631		0.8182
3 3 15			0.0664201873765			-14.5906764484		14.4311363205		0.356810002649		1515.26931366		0.3402
2 4 0			-0.0996108943271			-14.6902873427		14.5307472149		0.356810002649		1540.25920477		1.4359
0 6 2			-0.156693796201			-14.8469811389		14.6874410111		0.356865480448		1571.55618818		0.2356
9 1 1			-0.0405019194532			-14.8874830583		14.7279429305		0.356881575171		1590.61783649		0.8793
0 2 10			-0.259711359859			-15.1471944182		14.9876542904		0.35702187066		1633.65431765		0.4317
6 0 8			0.0640686720686			-15.0831257461		14.8595169462		0.357012188184		1634.54686409		2.9234
6 0 6			-0.279118319498			-15.3622440656		15.1386352657		0.357164774932		1680.3885145		1.0815
6 0 2			-0.18254568851			-15.5447897541		15.3211809542		0.357231570229		1715.97226687		0.2214
0 0 6			-0.307401735996			-15.8521914901		15.6285826902		0.35737159885		1766.029844		7.4326
7 1 5			-0.487992393488			-16.3401838836		16.1165750837		0.357175224733		1837.28955954		1.5264
0 4 6			-0.993363747935			-17.3335476316		17.1099388317		0.357415509386		1967.64296564		3.7688
4 2 0			-0.0870321078108			-17.4205797394		17.1969709395		0.357415509386		1994.84862898		0.9287
4 2 4			-0.0730340603691			-17.4936137997		17.2700049998		0.35737614055		2020.59058498		0.7624
2 2 6			-0.330236316008			-17.8238501157		17.6002413158		0.357526105027		2076.82847527		8.3224
0 4 0			-0.164372086464			-17.9882222022		17.7646134023		0.357526105027		2113.98899487		6.137
0 0 22			-8.5982397275			-26.5864619297		26.3628531298		0.354436669981		3163.54237558		2.2765
0 2 8			-0.0776696709315			-26.6641316006		26.4405228007		0.3545632882		3199.30325889		0.1155
3 3 7			0.106590215459			-26.5575413852		26.2273423698		0.3545632882		3199.73576912		0.1558
1 5 13			0.0946464783137			-26.4628949069		26.0380494132		0.354574456876		3202.68007782		1.1973
3 3 5			0.0689035008316			-26.393991406		25.9002424115		0.354548727234		3211.63005903		1.3995
3 1 13			0.0932577579543			-26.3007336481		25.7137268956		0.354548727234		3214.21586195		0.3869
5 1 13			0.0931745296593			-26.2075591184		25.5273778363		0.35456877244		3216.44960737		0.4567
3 3 13			0.0958080089992			-26.1117511094		25.3357618183		0.354578789193		3217.64175092		0.5636
0 6 6			-0.292327811939			-26.4040789214		25.6280896302		0.354664964415		3280.39547267		1.0147
5 1 5			0.0436405761463			-26.3604383452		25.5408084779		0.354627878018		3294.76429365		1.1901
1 1 13			0.0899871315634			-26.2704512136		25.3608342148		0.354637228416		3296.90844793		0.3722
1 5 5			0.0428871958026			-26.2275640178		25.2750598232		0.354602365299		3311.03283684		1.8923
4 6 4			-0.75092940758			-26.9784934254		26.0259892308		0.354540395364		3435.43057846		1.0731
0 6 8			0.0976904555036			-26.8808029699		25.8306083198		0.354540395364		3435.47090653		0.7694
4 0 8			0.0532321737078			-26.8275707962		25.7241439724		0.354496942264		3447.0352923		2.9483
0 6 0			-0.148446150161			-26.9760169464		25.8725901225		0.354496942264		3492.79966654		1.4277
4 6 2			-0.476062307799			-27.4520792542		26.3486524303		0.35455634187		3583.41673052		0.2349
0 0 8			0.0501866350697			-27.4018926191		26.2482791602		0.354510683321		3596.01424495		2.1948
2 2 8			0.0496427384145			-27.3522498807		26.1489936834		0.354464692011		3608.5611283		1.8488
5 3 5			0.0325261545677			-27.3197237261		26.0839413742		0.354426888455		3625.66785102		2.2247
0 4 8			0.0373245706493			-27.2823991555		26.0092922329		0.354378502943		3641.30091261		4.1351
1 3 13			0.0828754103143			-27.1995237452		25.8435414123		0.35438791111		3643.93933913		0.3907
1 3 11			-0.0249449761184			-27.2244687213		25.8684863884		0.354324852433		3673.32506716		2.4293
6 0 0			-0.206373779456			-27.4308425007		26.0748601679		0.354324852433		3728.70500401		0.7256
3 5 5			0.032329703601			-27.3985127971		26.0102007607		0.354286228434		3745.46890954		1.2751
3 1 11			-0.0485388749974			-27.4470516721		26.0587396357		0.354217408385		3778.51724717		2.3814
4 4 10			0.00522583642124			-27.4418258357		26.0482879628		0.35419607057		3803.05004257		0.6886
6 2 8			0.00626126619415			-27.4355645695		26.0357654304		0.354133984237		3827.25751827		3.3751
2 2 10			-0.0139404522449			-27.4495050218		26.0497058827		0.354109197655		3855.35647064		0.6429
2 6 8			-0.00228158316628			-27.4517866049		26.0519874659		0.354048553228		3881.74613241		4.3291
0 4 14			-1.87730492147			-29.3290915264		27.9292923873		0.35388688502		4189.3938581		1.2337
6 0 4			-0.165036682232			-29.4941282086		28.0943290695		0.353858355695		4242.2436895		0.7069
6 2 10			-0.0244033448295			-29.5185315535		28.1187324144		0.353831774565		4274.04732699		0.7103
4 0 0			-0.162157253403			-29.6806888069		28.2808896678		0.353831774565		4326.97611917		8.3901
0 6 4			-0.152522720108			-29.833211527		28.4334123879		0.353804262916		4378.74550773		0.6675
4 0 10			-0.00300810459886			-29.8362196316		28.4364204925		0.353779199429		4407.64517634		0.6243
1 7 5			-0.076517162095			-29.9127367937		28.5129376546		0.353722942806		4448.01827411		1.0841
2 4 10			-0.652342332305			-30.565079126		29.1652799869		0.353793523266		4578.94895794		0.607
6 4 6			-0.700995658604			-31.2660747846		29.8662756455		0.353914172269		4718.87155199		0.9247
4 6 6			-0.681762228913			-31.9478370135		30.5480378744		0.354033031265		4857.13802203		1.1903
0 0 10			-0.00246147364451			-31.9502984871		30.550499348		0.354006089457		4888.07989569		0.8316
4 2 10			-0.675305209894			-32.625603697		31.2258045579		0.354092737301		5027.35453383		1.1102
6 4 2			-0.478129540476			-33.1037332375		31.7039340984		0.354154871074		5136.03732394		0.2211
0 6 10			-0.92932126759			-34.0330545051		32.633255366		0.354271307708		5319.22062466		0.8527
6 0 10			-0.854850133374			-34.8879046385		33.4881054994		0.354392766636		5492.0493019		1.0728
2 6 10			0.00450452734669			-34.8834001111		33.4790964447		0.354358903084		5524.05091337		0.7069
4 0 6			-0.740185127409			-35.6235852385		34.2192815721		0.354470053443		5680.40074097		5.3963
3 3 11			-0.222827170512			-35.846412409		34.4421087426		0.3543607216		5751.83216002		2.1204
5 5 5			-0.187312042514			-36.0337244515		34.6294207851		0.354272438474		5817.7426919		1.5862
4 6 0			-0.489423972389			-36.5231484239		35.1188447575		0.354270725693		5935.08476402		0.7863
6 4 0			-0.503754751634			-37.0269031756		35.6225995091		0.354270725693		6055.84191656		1.8287
3 7 5			-0.276660577622			-37.3035637532		35.8992600868		0.354180642069		6138.77347484		1.0548
1 5 11			-0.432954663877			-37.7365184171		36.3322147506		0.354031938954		6249.14093711		1.8219
7 3 5			-0.276737419798			-38.0132558369		36.6089521704		0.353935284085		6333.34872549		1.0496
5 1 11			-0.41230591203			-38.4255617489		37.0212580825		0.353795802863		6441.69890635		3.2753
6 4 4			-0.44636705976			-38.8719288087		37.4676251422		0.353743305667		6556.83439989		0.6669
3 5 11			-0.488938648692			-39.3608674574		37.9565637909		0.353593136218		6680.3552272		1.8915
0 4 10			0.0212427676515			-39.3396246897		37.9140782556		0.353568578006		6710.79185125		0.9893
4 0 14			-1.37783118554			-40.7174558752		39.2919094412		0.35340216913		6993.95988053		1.986
2 2 12			-3.43005747443			-44.1475133497		42.7219669156		0.354159634118		7647.23207789		1.9766
0 2 20			0.117265597932			-44.0302477517		42.4874357197		0.35414937866		7647.73842955		0.4494
4 4 6			-1.87153727063			-45.9017850224		44.3589729904		0.354327712924		8028.97411126		4.3817
6 2 0			-1.35650570625			-47.2582907286		45.7154786966		0.354327712924		8320.21712278		4.3933
2 2 14			-1.70092318605			-48.9592139147		47.4164018827		0.354156158174		8677.20154453		1.0835
2 6 6			-2.29757671269			-51.2567906274		49.7139785954		0.354374945095		9147.37206154		5.383
4 0 12			-3.84693523342			-55.1037258608		53.5609138288		0.355331579859		9908.76905832		2.7435
4 4 0			-0.904089644655			-56.0078155054		54.4650034734		0.355331579859		10130.4906461		4.9852
0 4 18			-8.31588541844			-64.3237009239		62.7808888919		0.357016228488		11740.0262228		0.8369
2 6 0			-1.29190595827			-65.6156068821		64.0727948501		0.357015962493		12045.6854318		4.3567
6 2 6			-1.81292201063			-67.4285288928		65.8857168608		0.357192404632		12452.4004867		3.9921
0 4 12			-2.39145560717			-69.8199844999		68.2771724679		0.357755710867		12972.6627689		1.4889
0 0 16			-1.46029592945			-71.2802804294		69.7374683974		0.357195093265		13319.8564639		1.3342
0 0 14			-2.24300987781			-73.5232903072		71.9804782752		0.357195093265		13820.2518288		0.8389
2 2 16			-1.37376835988			-74.8970586671		73.3542466351		0.356687328977		14157.3696006		1.1693
4 4 12			-4.20567761464			-79.1027362817		77.5599242497		0.357354915735		15046.6253044		1.9475
0 0 18			-3.35227313905			-82.4550094208		80.9121973888		0.357751137483		15777.8784908		0.6609
0 4 20			-8.01968882132			-90.4746982421		88.9318862101		0.359551762599		17430.6496972		1.027
0 0 20			-12.5989043896			-103.073602632		101.5307906		0.361887009004		20001.5657481		0.4542