HKL Value		Reward			TotalReward	Chi Squared Value	Z Coordinate Approximation		dx
1 1 7			0			0		0		0.3		0		0.2012
3 3 15			0			0		0.221604799983		0.351781627326		0.221604799983		0.3402
2 2 0			-1.24640654871			-1.24640654871		1.46801134869		0.351781627326		2.93602269738		11.1953
1 1 3			0.0622270013865			-1.18417954732		1.34355734592		0.351908996818		4.03067203775		0.4514
3 1 3			0.16225493351			-1.02192461381		1.0190474789		0.351937571528		4.07618991559		1.2003
3 7 3			0.0503457784215			-0.971578835389		0.918355922054		0.352040088994		4.59177961027		0.8954
0 0 2			0.0190042235342			-0.952574611855		0.880347474986		0.352293538532		5.28208484991		1.161
0 2 0			0.0249089516184			-0.927665660236		0.830529571749		0.352293538532		5.81370700224		1.4407
0 2 4			0.047709432377			-0.879956227859		0.735110706995		0.352193879564		5.88088565596		1.326
2 6 2			0.0373766290375			-0.842579598822		0.66035744892		0.352270583216		5.94321704028		1.2892
7 1 3			0.0329611406955			-0.809618458126		0.594435167529		0.352276663575		5.94435167529		1.4031
3 3 3			0.0212436869774			-0.788374771149		0.551947793574		0.352344786164		6.07142572931		0.8081
5 3 7			0.0226793674212			-0.765695403728		0.506589058732		0.352362551433		6.07906870478		0.2523
7 1 7			0.0194810098606			-0.746214393867		0.46762703901		0.352362551433		6.07915150713		0.3505
1 7 1			-0.39993118308			-1.14614557695		0.86755822209		0.353138846109		12.1458151093		0.5219
3 5 3			-0.00231451280598			-1.14846008975		0.869872734896		0.352675209363		13.0480910234		0.9259
6 2 2			0.0255520898339			-1.12290799992		0.818768555228		0.3527966979		13.1002968836		3.3001
2 0 6			0.0263968247492			-1.09651117517		0.76597490573		0.357756612174		13.0215733974		1.6278
5 5 3			0.0208184418641			-1.07569273331		0.724338022001		0.357737452081		13.038084396		0.8107
6 4 0			-6.31751655333			-7.39320928664		7.04185457533		0.357737452081		133.795236931		1.8287
1 7 7			0.16987834921			-7.22333093743		6.70209787691		0.357744486565		134.041957538		0.4353
2 2 2			0.157961866992			-7.06536907044		6.38617414293		0.357803747138		134.109657002		1.1162
0 0 4			0.0942645031461			-6.97110456729		6.19764513664		0.3580876948		136.348193006		0.8482
3 1 7			0.134585352072			-6.83651921522		5.92847443249		0.3580876948		136.354911947		0.257
1 3 15			0.106467175098			-6.73005204012		5.7155400823		0.358575821612		137.172961975		0.2862
7 3 3			0.112885251251			-6.61716678887		5.4897695798		0.358599734142		137.244239495		1.9283
1 3 3			0.103935615181			-6.51323117369		5.28189834943		0.358574199818		137.329357085		0.7045
0 2 18			0.0821863358293			-6.43104483786		5.11752567778		0.358256146867		138.1731933		0.3755
2 0 0			0.0787071264547			-6.3523377114		4.96011142487		0.358256146867		138.883119896		2.02
3 1 15			0.0751665788713			-6.27717113253		4.80977826712		0.358566305113		139.483569747		0.2871
1 5 3			0.0801110967946			-6.19706003574		4.64955607353		0.358566335652		139.486682206		0.9511
1 1 1			0.0745155327201			-6.12254450302		4.50052500809		0.358578564595		139.516275251		0.5749
1 7 3			0.0664584344435			-6.05608606858		4.36760813921		0.358544121666		139.763460455		0.9932
3 1 1			0.0600457683934			-5.99604030018		4.24751660242		0.358569977323		140.16804788		0.5239
2 0 2			0.0506063907622			-5.94543390942		4.1463038209		0.358662044723		140.97432991		0.6502
4 4 2			0.056743960579			-5.88868994884		4.03281589974		0.358620404777		141.148556491		1.2125
2 0 4			0.0299280559945			-5.85876189285		3.97295978775		0.358501630893		143.026552359		1.3874
1 3 7			0.0536536320999			-5.80510826075		3.86565252355		0.358501630893		143.029143371		0.1893
0 4 2			0.049237094243			-5.7558711665		3.76717833506		0.35846546952		143.152776732		3.2657
3 5 7			0.0479266556095			-5.70794451089		3.67132502384		0.358466561421		143.18167593		0.2309
5 1 3			0.0455673678132			-5.66237714308		3.58019028822		0.358457119877		143.207611529		0.9592
5 5 7			0.0415661632495			-5.62081097983		3.49705796172		0.358450144337		143.37937643		0.6639
5 3 1			0.013894963152			-5.60691601668		3.46926803542		0.35850703055		145.709257487		0.5252
0 2 2			0.0332943176219			-5.57362169906		3.40267940017		0.358586019947		146.315214207		0.4614
1 1 15			-0.0201545845623			-5.59377628362		3.42283398473		0.359127394868		150.604695328		0.656
1 5 1			0.00546016187675			-5.58831612174		3.41191366098		0.359185645637		153.536114744		0.4978
3 3 1			0.00786223496216			-5.58045388678		3.39618919106		0.359239587073		156.224702789		0.5106
5 1 1			0.00131759421785			-5.57913629256		3.39355400262		0.359299538142		159.497038123		0.5346
1 3 1			0.0323820706757			-5.54675422189		3.32878986127		0.35931390583		159.781913341		0.5324
3 5 1			0.00702322731473			-5.53973099457		3.31474340664		0.35936465192		162.422426925		0.5283
1 3 13			0.012592599416			-5.52713839516		3.28955820781		0.35882538754		164.47791039		0.3907
5 3 3			0.00365957688409			-5.52347881827		3.28223905404		0.35877030603		167.394191756		0.9351
2 0 14			-0.0114114231528			-5.53489024142		3.29365047719		0.358762610636		171.269824814		0.2634
5 3 9			0.00544026480737			-5.52944997662		3.28276994758		0.35849794916		173.986807222		0.4833
4 0 2			0.0296111082682			-5.49983886835		3.22354773104		0.358482773882		174.071577476		1.7854
4 2 8			0.0292554167635			-5.47058345159		3.16503689751		0.358485882769		174.077029363		0.7605
3 5 9			0.0127423674117			-5.45784108417		3.13955216269		0.358277236542		175.814921111		0.4755
4 2 0			-0.422212466861			-5.88005355103		3.56176462955		0.358277201662		203.020583884		0.9287
1 5 9			0.0305659912961			-5.84948755974		3.50063264696		0.358255410725		203.036693524		0.4394
2 4 8			0.0293710110438			-5.82011654869		3.44189062487		0.358270365552		203.071546867		0.1687
3 3 9			0.0285777517549			-5.79153879694		3.38473512136		0.358253885805		203.084107282		0.3816
2 4 12			0.0221601634376			-5.7693786335		3.34041479449		0.358160649172		203.765302464		0.2205
2 0 12			-0.011125415707			-5.78050404921		3.35154021019		0.357917008868		207.795493032		0.8079
4 2 12			0.0234787207622			-5.75702532845		3.30458276867		0.357839040284		208.188714426		0.2244
3 1 9			0.0229619767799			-5.73406335167		3.25865881511		0.357923111937		208.554164167		0.36
5 1 9			0.0248964920022			-5.70916685966		3.2088658311		0.357908201956		208.576279022		0.4583
0 2 12			-0.0134416498933			-5.72260850956		3.222307481		0.357710547704		212.672293746		0.3827
0 2 6			0.022456734763			-5.7001517748		3.17739401147		0.357743508978		212.885398769		1.1672
1 1 9			0.00354541145197			-5.69660636334		3.17030318857		0.357963798693		215.580616823		0.2216
0 2 16			-0.0431126863299			-5.73971904967		3.2134158749		0.357793947971		221.725695368		1.8687
1 1 5			0.022772999656			-5.71694605002		3.16786987559		0.357783812756		221.750891291		1.9661
0 6 12			0.0221421761786			-5.69480387384		3.12358552323		0.357773016676		221.774572149		0.3425
0 6 16			0.0115223650302			-5.68328150881		3.10054079317		0.35765740213		223.238937108		0.4825
2 0 8			-0.0960298870119			-5.77931139582		3.19657068018		0.357972381385		233.349659653		0.1665
0 2 22			-0.0751060249065			-5.85441742073		3.27167670509		0.35838327819		242.104076176		1.8317
0 6 18			-0.100070181679			-5.95448760241		3.37174688677		0.358097241783		252.881016507		0.7949
2 4 14			-0.103776143088			-6.05826374549		3.47552302985		0.358085826324		264.139750269		0.5221
4 2 14			-0.106664963669			-6.16492870916		3.58218799352		0.358076956313		275.828475501		1.2576
3 7 1			-0.129231947895			-6.29416065706		3.71141994142		0.358106452548		289.490755431		1.2822
1 5 7			0.0234841224307			-6.27067653463		3.66445169656		0.358111632754		289.491684028		0.6035
2 4 6			-0.15762915377			-6.4283056884		3.82208085033		0.358357223272		305.766468026		0.785
6 0 12			0.0235836005305			-6.40472208787		3.77491364927		0.358357166494		305.76800559		0.5892
3 5 11			-2.34983963477			-8.75456172263		6.12475328403		0.35756443395		502.229769291		1.8915
2 4 2			-0.096999836713			-8.85156155935		6.22175312075		0.35764313069		516.405509022		0.3828
1 3 5			0.0189095663567			-8.83265199299		6.18393398803		0.357568437508		519.450454995		3.1323
6 2 4			0.0220708428047			-8.81058115019		6.13979230242		0.357586789347		521.882345706		0.8727
5 5 1			-0.114775999036			-8.92535714922		6.25456830146		0.357621550431		537.892873926		0.5073
0 6 14			-0.111133890252			-9.03649103947		6.36570219171		0.35761780115		553.816090679		0.9096
4 2 6			-0.165915511009			-9.20240655048		6.53161770272		0.357844161553		574.782357839		1.6049
0 4 8			-0.343058236258			-9.54546478674		6.87467593898		0.357485707459		611.846158569		4.1351
0 2 14			0.0208448031952			-9.52461998355		6.83298633259		0.357484254629		614.968769933		0.2479
3 1 5			0.0164972964356			-9.50812268711		6.79999173972		0.35741069262		618.799248314		2.8985
4 0 8			-0.218351039668			-9.72647372678		7.01834277938		0.357158566659		645.687535703		2.9483
7 3 1			-0.0798455231068			-9.80631924989		7.09818830249		0.357181223118		660.131512132		0.5095
7 1 1			0.00869302931621			-9.79762622057		7.08080224386		0.357192744843		665.595410923		0.5207
2 6 4			0.0237096541835			-9.77391656639		7.03338293549		0.357213279346		668.171378872		0.8772
0 6 2			-0.239885893564			-10.0138024599		7.27326882906		0.357320659473		698.233807589		0.2356
2 4 0			-0.18264559062			-10.1964480506		7.45591441968		0.357320659473		723.223698709		1.4359
2 0 10			-0.357773844349			-10.5542218949		7.81368826402		0.357620894912		765.741449874		0.6169
2 0 16			0.018542402911			-10.535679492		7.7766034582		0.357527870046		769.883742362		0.5935
1 1 11			-0.121768567693			-10.6574480597		7.8983720259		0.357366104492		789.83720259		2.144
0 2 10			-0.309398244126			-10.9668463038		8.20777027002		0.357659116791		828.984797272		0.4317
0 4 4			0.0301416779264			-10.9367046259		8.14748691417		0.357678791394		831.043665245		0.8482
4 4 4			0.0333116432679			-10.9033929826		8.08086362763		0.357690976784		832.328953646		0.8476
0 2 8			-0.0110598067842			-10.9144527894		8.09192343442		0.357883393244		841.560037179		0.1155
6 0 2			-0.238916939922			-11.1533697293		8.33084037434		0.358031628742		874.738239306		0.2214
0 0 6			-0.338856075619			-11.492225805		8.66969644996		0.358346014158		918.987823696		7.4326
2 4 4			-0.169309692426			-11.6615354974		8.83900614238		0.35826415331		945.773657235		0.8182
6 0 6			-0.252979381892			-11.9145148793		9.09198552428		0.358633282338		981.934436622		1.0815
4 2 2			-0.0537377656481			-11.9682526449		9.14572328992		0.358721221463		996.883838602		0.457
4 2 4			-0.172392684823			-12.1406453297		9.31811597475		0.358628212482		1024.99275722		0.7624
9 1 1			-0.0759297594102			-12.2165750892		9.39404573416		0.358657721048		1042.73907649		0.8793
2 2 6			-0.329659795891			-12.546234885		9.72370553005		0.359088091901		1089.05501937		8.3224
0 4 0			-0.242803664381			-12.7890385494		9.96650919443		0.359088091901		1126.21553897		6.137
4 0 4			0.0383931756407			-12.7506453738		9.88972284315		0.359108723199		1127.42840412		1.2165
1 5 13			0.0371167925087			-12.7135285813		9.81548925813		0.358981838002		1128.78126468		1.1973
2 6 10			-0.425124400209			-13.1386529815		10.2406136583		0.358483121793		1187.91118437		0.7069
3 3 5			-0.112619502149			-13.2512724836		10.3532331605		0.358279615936		1211.32827978		1.3995
1 3 9			0.0412430874614			-13.2100293962		10.2707469856		0.358312526001		1211.9481443		0.2622
2 2 4			0.039480989463			-13.1705484067		10.1917850066		0.358327679838		1212.82241579		0.7551
3 1 13			0.0406899248122			-13.1298584819		10.110405157		0.358290929915		1213.24861884		0.3869
5 1 13			0.0393136919911			-13.0905447899		10.031777773		0.358241826746		1213.84511054		0.4567
5 1 5			-0.169457368815			-13.2600021587		10.2012351418		0.358054882989		1244.55068731		1.1901
1 5 5			-0.156615721535			-13.4166178803		10.3578508634		0.357882143063		1274.0156562		1.8923
0 0 8			-0.174815581587			-13.5914334618		10.532666445		0.357671064586		1306.05063918		2.1948
5 1 7			0.0421282789568			-13.5493051829		10.4484098871		0.357671064586		1306.05123588		0.2609
0 6 0			-0.280285431406			-13.8295906143		10.7286953185		0.357671064586		1351.81561013		1.4277
6 0 0			-0.351584578994			-14.1811751933		11.0802798975		0.357671064586		1407.19554698		0.7256
2 2 8			-0.153597235823			-14.3347724291		11.2338771333		0.357476635113		1437.93627306		1.8488
5 3 5			-0.158131126284			-14.4929035554		11.3920082596		0.357324875467		1469.56906548		2.2247
4 4 8			-0.203919905401			-14.6968234608		11.595928165		0.357125576626		1507.47066145		3.9407
3 3 13			0.0437230938167			-14.653100367		11.5084819773		0.35711314381		1507.61113903		0.5636
2 2 10			-0.226877435042			-14.879977802		11.7353594124		0.356965335964		1549.06744243		0.6429
1 3 11			-0.271721906389			-15.1516997084		12.0070813188		0.356811380886		1596.9418154		2.4293
3 1 11			-0.30242266774			-15.4541223762		12.3095039865		0.35664726552		1649.47353419		2.3814
6 2 8			-0.22754349628			-15.6816658724		12.5370474828		0.356466213793		1692.50141018		3.3751
4 6 2			-0.487186184567			-16.168852057		13.0242336673		0.356579453298		1771.29577876		0.2349
6 0 4			-0.359843122124			-16.5286951791		13.3840767895		0.356510177804		1833.61852016		0.7069
2 6 8			-0.233912936928			-16.762608116		13.6179897264		0.356331241338		1879.28258224		4.3291
4 0 10			-0.183311689299			-16.9459198053		13.8013014157		0.35622683946		1918.38089678		0.6243
6 2 10			-0.200204060878			-17.1461238662		14.0015054766		0.356125628374		1960.21076672		0.7103
4 0 0			-0.276080047578			-17.4222039138		14.2775855242		0.356125628374		2013.13955891		8.3901
0 4 20			-9.81799290208			-27.2401968159		24.0955784262		0.361662669392		3421.57213652		1.027
3 5 5			-0.262102030656			-27.5022988465		24.3576804569		0.361581328561		3483.14830533		1.2751
4 4 10			-0.393994299381			-27.8962931459		24.7516747563		0.361427720334		3564.2411649		0.6886
0 6 4			-0.362310784957			-28.2586039309		25.1139855412		0.361398458172		3641.52790348		0.6675
0 0 10			-0.468906301123			-28.727510232		25.5828918423		0.361234938245		3735.10220898		0.8316
6 0 8			0.0786282654864			-28.6488819665		25.4256353114		0.361234938245		3737.56839077		2.9234
1 7 5			-0.580473236293			-29.2293552028		26.0061085477		0.361113986485		3848.90406505		1.0841
0 6 6			0.0246785786799			-29.2046766241		25.9567513903		0.361162810556		3867.55595716		1.0147
6 4 6			-0.178964213442			-29.3836408376		26.1357156037		0.361246054297		3920.35734056		0.9247
4 6 6			-0.171324801513			-29.5549656391		26.3070404053		0.361334761357		3972.36310119		1.1903
2 4 10			-0.0904654556372			-29.6454310947		26.3975058609		0.361436148521		4012.42089086		0.607
7 1 5			-0.591602955903			-30.2370340506		26.9891088168		0.361317804506		4129.33364897		1.5264
0 6 10			-0.234448811092			-30.4714828617		27.2235576279		0.361459448666		4192.4278747		0.8527
4 2 10			-0.101966295328			-30.573449157		27.3255239232		0.36156529364		4235.4562081		1.1102
6 0 10			-0.183349765042			-30.7567989221		27.5088736883		0.36169126779		4291.38429537		1.0728
1 1 13			0.016361837433			-30.7404370846		27.4761500134		0.361571731674		4313.7555521		0.3722
6 4 2			-0.227139486382			-30.967576571		27.7032894998		0.361615083449		4377.11974097		0.2211
0 4 6			-0.342997544405			-31.3105741154		28.0462870442		0.361696501275		4459.35964003		3.7688
3 3 11			-0.696261365214			-32.0068354806		28.7425484094		0.361663281096		4598.8077455		2.1204
0 0 12			-0.47491685518			-32.4817523358		29.2174652646		0.361845935807		4704.0119076		3.2426
4 0 6			-0.277460985316			-32.7592133211		29.4949262499		0.361925077824		4778.17805248		5.3963
3 3 7			0.0882781789807			-32.6709351422		29.3183698919		0.36192492463		4778.89429239		0.1558
5 5 5			-0.784615816009			-33.4555509582		30.1029857079		0.361807725758		4936.8896561		1.5862
0 6 8			0.0828238076291			-33.3727271505		29.9373380927		0.361803633349		4939.66078529		0.7694
4 6 4			-0.819168975489			-34.191896126		30.7565070682		0.361764413624		5105.58017332		1.0731
1 1 17			-0.189284201726			-34.3811803278		30.9457912699		0.36194769725		5167.94714207		2.447
4 6 0			-0.51428236154			-34.8954626893		31.4600736314		0.36194769725		5285.29237008		0.7863
6 2 6			-1.5368289295			-36.4322916188		32.9969025609		0.362113617387		5576.4765328		3.9921
1 5 11			-1.02489453339			-37.4571861522		34.0217970943		0.362082439916		5783.70550604		1.8219
5 1 11			-1.02890457645			-38.4860907286		35.0507016708		0.362050923247		5993.6699857		3.2753
7 3 5			-0.958781735727			-39.4448724644		36.0094834065		0.361909657097		6193.63114592		1.0496
3 7 5			-0.893096796937			-40.3379692613		36.9025802034		0.361772029086		6384.1463752		1.0548
5 3 11			-1.18815223033			-41.5261214916		38.0907324338		0.361727958898		6627.78744348		1.8677
6 4 4			-0.697367766748			-42.2234892584		38.7881002005		0.361688530174		6787.91753509		0.6669
4 0 14			-1.26183532281			-43.4853245812		40.0499355233		0.361885474757		7048.78865211		1.986
0 4 14			-1.29554981476			-44.7808743959		41.3454853381		0.362106111128		7318.15090484		1.2337
6 2 0			-1.40391868646			-46.1847930824		42.7494040246		0.362106111128		7609.39391637		4.3933
0 2 20			-1.95062234013			-48.1354154225		44.7000263647		0.360716280858		8001.30471928		0.4494
4 4 0			-0.983453118721			-49.1188685413		45.6834794834		0.360716280858		8223.02630701		4.9852
2 2 14			-1.63089105799			-50.7497595993		47.3143705414		0.360858705861		8563.90106799		1.0835
4 4 6			-1.08877165369			-51.8385312529		48.4031421951		0.360967936923		8809.37187951		4.3817
2 6 6			-1.42625208343			-53.2647833364		49.8293942785		0.361096305496		9118.77915297		5.383
2 2 12			-0.802411041215			-54.0671943776		50.6318053197		0.361286903779		9316.25217883		1.9766
4 0 12			-1.25316742879			-55.3203618064		51.8849727485		0.361516864435		9598.71995848		2.7435
0 4 12			-1.17566624113			-56.4960280475		53.0606389897		0.361724175366		9869.27885208		1.4889
2 6 0			-1.3508130303			-57.8468410778		54.41145202		0.361724175366		10174.9415277		4.3567
0 0 14			-1.89212081052			-59.7389618883		56.3035728305		0.36188614325		10585.0716921		0.8389
0 4 10			-0.252642858051			-59.9916047464		56.5562156885		0.361802241439		10689.1247651		0.9893
0 0 16			-3.97255269804			-63.9641574444		60.5287683866		0.361120487263		11500.4659934		1.3342
4 4 12			-2.29376312919			-66.2579205736		62.8225315158		0.361427426719		11999.1035195		1.9475
2 2 16			-3.96846829638			-70.22638887		66.7909998121		0.360765497225		12823.8719639		1.1693
0 4 16			-4.17410163785			-74.4004905079		70.96510145		0.360046695904		13696.2645799		1.5557
0 0 18			-2.80489371233			-77.2053842202		73.7699951623		0.360126613135		14311.3790615		0.6609
0 0 22			-9.41805039565			-86.6234346158		83.188045558		0.359280266862		16221.6688838		2.2765
0 0 20			-12.8887850027			-99.5122196186		96.0768305607		0.361957306423		18831.0587899		0.4542
0 4 18			-5.45396937303			-104.966188992		101.530799934		0.361888892008		20001.5675869		0.8369