HKL Value		Reward			TotalReward	Chi Squared Value	Z Coordinate Approximation		dx
1 1 7			0			0		0		0.3		0		0.2012
2 2 0			0			0		2.73701742942		0.357131872152		2.73701742942		11.1953
1 1 3			0.66662102612			0.66662102612		1.40377537718		0.36036554368		2.80755075436		0.4514
3 7 3			0.231176028168			0.897797054289		0.941423320843		0.359837675282		2.82426996253		0.8954
3 1 3			0.0868429650542			0.984640019343		0.767737390735		0.358391957335		3.07094956294		1.2003
0 0 2			0.0751470407925			1.05978706014		0.61744330915		0.357993879542		3.08721654575		1.161
0 2 0			0.00715178944949			1.06693884958		0.603139730251		0.35799257251		3.6188383815		1.4407
1 3 7			0.0429696734823			1.10990852307		0.517200383286		0.357982248097		3.620402683		0.1893
7 1 3			0.0173466128978			1.12725513596		0.48250715749		0.357254405369		3.86005725992		1.4031
2 6 2			0.0130661346314			1.1403212706		0.456374888228		0.356303296744		4.10737399405		1.2892
3 3 3			0.022780967586			1.16310223818		0.410812953056		0.356277289597		4.10812953056		0.8081
0 2 4			-0.0298870859368			1.13321515225		0.440700038993		0.355109638987		4.84770042892		1.326
5 5 3			0.0175403505111			1.15075550276		0.40561933797		0.355211779726		4.86743205564		0.8107
7 3 3			0.00110507895946			1.15186058172		0.403409180051		0.355651214619		5.24431934067		1.9283
2 2 2			0.00328572124429			1.15514630296		0.396837737563		0.356200352259		5.55572832588		1.1162
1 3 3			0.013186297409			1.16833260037		0.370465142745		0.35617938493		5.55697714117		0.7045
2 0 0			-0.0212163408481			1.14711625952		0.391681483593		0.35617938493		6.26690373749		2.02
6 2 2			0.00855142739377			1.15566768691		0.374578628805		0.355913068404		6.36783668969		3.3001
3 5 3			-0.0594999645126			1.0961677224		0.434078593318		0.355394048397		7.81341467973		0.9259
1 5 3			0.00734924034915			1.10351696275		0.41938011262		0.355567980642		7.96822213978		0.9511
1 7 3			0.00971259134135			1.11322955409		0.399954929937		0.35549884842		7.99909859874		0.9932
3 1 1			-0.0139179512959			1.0993116028		0.413872881233		0.355723514928		8.69133050589		0.5239
1 1 1			0.00655245613387			1.10586405893		0.400767968965		0.355815332981		8.81689531724		0.5749
4 4 2			0.00865464500573			1.11451870394		0.383458678954		0.355846552004		8.81954961594		1.2125
5 1 3			0.00768616550399			1.12220486944		0.368086347946		0.355888118583		8.8340723507		0.9592
5 5 5			-1.57307800789			-0.450873138453		1.94116435584		0.347858937055		48.529108896		1.5862
0 4 2			0.00359361368663			-0.447279524766		1.93397712847		0.348152324677		50.2834053401		3.2657
5 5 7			0.00366336036584			-0.4436161644		1.92665040773		0.348556635784		52.0195610088		0.6639
2 0 4			0.0317531003846			-0.411863064016		1.86314420696		0.348667944077		52.168037795		1.3874
3 1 7			0.0197405220184			-0.392122541997		1.82366316293		0.348871052172		52.8862317249		0.257
1 7 7			0.0300491873833			-0.362073354614		1.76356478816		0.348897219744		52.9069436448		0.4353
7 1 7			0.0248856722541			-0.33718768236		1.71379344365		0.348994854954		53.1275967532		0.3505
1 3 1			0.00294876301609			-0.334238919344		1.70789591762		0.349088347608		54.6526693639		0.5324
5 3 1			-0.0962125309003			-0.430451450244		1.80410844852		0.349271177527		59.5355788012		0.5252
4 0 2			0.00622244273294			-0.424229007511		1.79166356306		0.349468946178		60.9165611439		1.7854
3 1 15			0.0196906943597			-0.404538313151		1.75228217434		0.349979794317		61.3298761018		0.2871
1 3 15			0.0235112870379			-0.381027026113		1.70525960026		0.35007518224		61.3893456094		0.2862
0 2 18			0.0222625053256			-0.358764520788		1.66073458961		0.350145008937		61.4471798155		0.3755
0 0 16			-0.879943119322			-1.23870764011		2.54067770893		0.349313297152		96.5457529394		1.3342
3 5 7			0.0300957713912			-1.20861186872		2.48048616615		0.349323084599		96.7389604798		0.2309
0 2 2			-0.0800070145774			-1.2886188833		2.56049318073		0.349368890371		102.419727229		0.4614
2 0 2			-0.0926468421144			-1.38126572541		2.65314002284		0.349417384136		108.778740936		0.6502
3 3 1			-0.0698610913395			-1.45112681675		2.72300111418		0.349440989139		114.366046796		0.5106
5 3 3			0.0225944395154			-1.42853237723		2.67781223515		0.349438351708		115.145926111		0.9351
1 5 1			-0.0740859118685			-1.5026182891		2.75189814702		0.349453777044		121.083518469		0.4978
3 5 1			-0.0621339613556			-1.56475225046		2.81403210837		0.349473617302		126.631444877		0.5283
1 1 15			-0.0490584328362			-1.61381068329		2.86309054121		0.349302518298		131.702164896		0.656
1 5 7			0.0256935945104			-1.58811708878		2.81170335219		0.349314298436		132.150057553		0.6035
5 1 1			-0.0776462317414			-1.66576332053		2.88934958393		0.34933610118		138.688780029		0.5346
4 2 8			-0.820765399827			-2.48652872035		3.71011498376		0.35020244494		181.795634204		0.7605
2 4 8			-0.578647803089			-3.06517652344		4.28876278685		0.350955668981		214.438139342		0.1687
1 5 9			-0.52218800162			-3.58736452506		4.81095078846		0.351601419285		245.358490212		0.4394
3 3 9			-0.392973026793			-3.98033755185		5.20392381526		0.352205288394		270.604038393		0.3816
1 7 1			-0.0193398142656			-3.99967736612		5.22326362952		0.352229423201		276.832972365		0.5219
1 1 5			0.00688373168106			-3.99279363444		5.20949616616		0.35233527393		281.312792973		1.9661
0 2 6			-0.0261319485352			-4.01892558297		5.2356281147		0.352456058578		287.959546308		1.1672
2 0 6			-0.0436429657755			-4.06256854875		5.27927108047		0.352590065553		295.639180506		1.6278
3 1 9			-0.326763283648			-4.3893318324		5.60603436412		0.353161234784		319.543958755		0.36
3 5 9			0.010926989116			-4.37840484328		5.58418038589		0.353332897586		323.882462381		0.4755
4 2 4			-0.211629826907			-4.59003467019		5.79581021279		0.35323586494		341.952802555		0.7624
5 3 7			0.0482976183808			-4.54173705181		5.69921497603		0.35323586494		341.952898562		0.2523
0 2 12			0.0243172533914			-4.51741979842		5.65058046925		0.353412102075		344.685408624		0.3827
5 3 9			0.0242272816441			-4.49319251677		5.60212590596		0.353517913516		347.33180617		0.4833
0 2 16			0.0334041277834			-4.45978838899		5.5353176504		0.353631184573		348.725011975		1.8687
2 0 12			0.0260754290447			-4.43371295994		5.48316679231		0.353746801287		350.922674708		0.8079
0 6 18			0.0415417465856			-4.39217121336		5.40008329914		0.353758678209		351.005414444		0.7949
4 2 12			-0.0675995678778			-4.45977078124		5.46768286701		0.354030983823		360.867069223		0.2244
3 5 11			-1.78826175215			-6.24803253339		7.25594461916		0.353500365765		486.148289484		1.8915
2 4 12			-0.0691581369582			-6.31719067034		7.32510275612		0.353755140807		498.106987416		0.2205
7 1 1			0.00410020020806			-6.31309047014		7.3169023557		0.353765493602		504.866262544		0.5207
1 1 9			-0.402933429907			-6.71602390004		7.71983578561		0.354164036638		540.388504993		0.2216
2 0 16			0.0479247119645			-6.66809918808		7.62398636168		0.354215491727		541.303031679		0.5935
2 0 8			-0.456011449972			-7.12411063805		8.07999781165		0.354527771306		581.759842439		0.1665
5 1 9			0.0187154315333			-7.10539520652		8.04256694859		0.354607766287		587.107387247		0.4583
4 2 14			-0.054878441029			-7.16027364755		8.09744538962		0.354614154145		599.210958832		1.2576
3 1 5			0.0507249497621			-7.10954869778		7.99599549009		0.354602617298		599.699661757		2.8985
2 4 14			-0.0483582763829			-7.15790697417		8.04435376648		0.354608575874		611.370886252		0.5221
0 6 12			0.00143383803073			-7.15647313614		8.04148609041		0.35476081068		619.194428962		0.3425
3 7 1			-0.0996144443472			-7.25608758048		8.14110053476		0.354772462568		635.005841711		1.2822
0 2 22			-0.408118212788			-7.66420579327		8.54921874755		0.354998971328		675.388281056		1.8317
2 4 6			-0.283976465357			-7.94818225863		8.83319521291		0.355108662342		706.655617032		0.785
0 6 16			0.043277873356			-7.90490438527		8.74663946619		0.355179665192		708.477796762		0.4825
0 2 14			0.0339135611483			-7.87099082412		8.6788123439		0.355179665192		711.6626122		0.2479
2 4 2			-0.117355477542			-7.98834630167		8.79616782144		0.355214262678		730.081929179		0.3828
4 4 4			0.0384078910031			-7.94993841066		8.71935203943		0.355220844479		732.425571312		0.8476
4 2 6			-0.292878993338			-8.242817404		9.01223103277		0.355325852639		766.039637786		1.6049
5 5 1			-0.0998092094309			-8.34262661343		9.1120402422		0.355341668223		783.635460829		0.5073
4 6 2			-0.875885913379			-9.21851252681		9.98792615558		0.355453080504		868.949575536		0.2349
0 6 14			-0.0707564015997			-9.28926892841		10.0586825572		0.355461561525		885.164065032		0.9096
7 3 1			-0.061775890799			-9.35104481921		10.120458448		0.35547528772		900.72080187		0.5095
1 3 5			0.0526514356644			-9.29839338354		10.0151555767		0.355458456059		901.364001899		3.1323
1 3 9			0.00332351275788			-9.29506987079		10.0085085511		0.355563793479		910.774278153		0.2622
6 0 12			0.0215327083375			-9.27353716245		9.96544313446		0.35568177963		916.82076837		0.5892
2 0 14			0.0327852343162			-9.24075192813		9.89987266583		0.35568177963		920.688157922		0.2634
4 2 2			-0.113001551508			-9.35375347964		10.0128742173		0.355724261569		941.21017643		0.457
2 4 10			-1.04492999355			-10.3986834732		11.0578042109		0.355931197577		1050.49140003		0.607
5 1 7			0.0575860017401			-10.3410974715		10.9426322074		0.355931197577		1050.49269191		0.2609
3 3 15			0.0499711669809			-10.2911263045		10.8426898734		0.355943983338		1051.74091772		0.3402
2 6 4			0.038613406459			-10.252512898		10.7654630605		0.355955783827		1055.01537993		0.8772
0 4 4			0.0396385734371			-10.2128743246		10.6861859137		0.355965634002		1057.93240545		0.8482
6 0 8			0.0514100496363			-10.1614642749		10.5833658144		0.35595705351		1058.33658144		2.9234
2 4 4			-0.117371987437			-10.2788362624		10.7007378018		0.355924993849		1080.77451798		0.8182
4 4 6			-3.24867692408			-13.5275131864		13.9494147259		0.356318814223		1422.84030204		4.3817
3 1 11			-0.33796424781			-13.8654774343		14.2873789737		0.356166876084		1471.60003429		2.3814
4 0 4			0.0572011296886			-13.8082763046		14.1729767143		0.356175913978		1473.98957829		1.2165
2 4 0			-0.103018232427			-13.911294537		14.2759949468		0.356175913978		1498.97946941		1.4359
6 2 4			0.0523301169761			-13.85896442		14.1713347128		0.356186611839		1502.16147956		0.8727
3 1 13			0.0628842080297			-13.796080212		14.0455662967		0.356206787581		1502.87559375		0.3869
2 2 4			0.0577018616983			-13.7383783503		13.9301625733		0.356208289393		1504.45755792		0.7551
9 1 1			-0.0517123812843			-13.7900907316		13.9818749546		0.356227855323		1524.02437005		0.8793
0 2 10			-0.305208651058			-14.0952993826		14.2870836057		0.35636074682		1571.57919663		0.4317
1 1 11			-0.0102347381761			-14.1055341208		14.2973183439		0.356281739496		1587.00233617		2.144
2 0 10			-0.324750074222			-14.430284195		14.6220684181		0.356422003604		1637.67166283		0.6169
6 0 6			-0.316220301666			-14.7465044967		14.9382887198		0.356584928935		1688.02662533		1.0815
0 4 8			-0.120434827343			-14.866939324		15.0587235471		0.356444669164		1716.69448437		4.1351
0 6 2			-0.15057084307			-15.0175101671		15.2092943902		0.356504125933		1749.06885487		0.2356
0 0 6			-0.343077124951			-15.3605872921		15.5523715151		0.356643462283		1804.07509575		7.4326
4 2 0			-0.0996007848085			-15.4601880769		15.6519722999		0.356643462283		1831.28075909		0.9287
6 0 2			-0.183491076398			-15.6436791533		15.8354633763		0.35671112021		1868.58467841		0.2214
3 3 7			0.0651077932336			-15.57857136		15.7052477899		0.356712102487		1868.92448699		0.1558
0 2 8			0.00467686189298			-15.5738944981		15.6958940661		0.356839233716		1883.50728793		0.1155
2 2 6			-0.367417497289			-15.9413119954		16.0633115634		0.356988728639		1943.66069917		8.3224
0 4 0			-0.172927934768			-16.1142399302		16.2362394981		0.356988728639		1980.82121877		6.137
0 6 8			0.061764954059			-16.0524749761		16.11270959		0.356978588821		1981.86327957		0.7694
3 3 5			-0.00797655002545			-16.0604515262		16.12068614		0.356897221735		1998.96508136		1.3995
0 6 10			-0.9754396997			-17.0358912259		17.0961258397		0.357261440361		2137.01572997		0.8527
0 6 6			-0.19272610648			-17.2286173323		17.2888519462		0.357422133486		2178.39534522		1.0147
5 1 5			-0.0723910382996			-17.3010083706		17.3612429845		0.357309371033		2204.87785903		1.1901
1 5 5			-0.0650616195831			-17.3660699902		17.4263046041		0.357203145573		2230.56698932		1.8923
4 0 8			-0.066047174137			-17.4321171644		17.4923517782		0.357072202532		2256.51337939		2.9483
5 1 13			0.0671774414876			-17.3649397229		17.3579968953		0.357072238665		2256.53959638		0.4567
0 0 4			0.0560989353612			-17.3088407875		17.2457990245		0.357083093684		2259.19967221		0.8482
0 6 0			-0.21604981227			-17.5248905998		17.4618488368		0.357083093684		2304.96404646		1.4277
2 2 8			-0.0716005540622			-17.5964911539		17.5334493909		0.356960660697		2331.94876899		1.8488
0 0 8			-0.0632247385221			-17.6597158924		17.5966741294		0.356831934671		2357.95433334		2.1948
1 5 13			0.0638705043789			-17.595845388		17.4689331206		0.356846003491		2358.30597129		1.1973
4 4 10			-0.129929067096			-17.7257744551		17.5988621877		0.356747410152		2393.44525753		0.6886
5 3 5			-0.0741267732356			-17.7999012283		17.672988961		0.356657810534		2421.19948765		2.2247
6 0 0			-0.273223814853			-18.0731250432		17.9462127758		0.356656944259		2476.57736306		0.7256
3 3 13			0.0645485449918			-18.0085764982		17.8171156858		0.356656944259		2476.57908033		0.5636
1 1 13			0.0629285353401			-17.9456479628		17.6912586152		0.356656944259		2476.77620612		0.3722
4 4 8			-0.108932500909			-18.0545804638		17.8001911161		0.356536529987		2509.82694736		3.9407
4 6 0			-0.701021386568			-18.7556018503		18.5012125026		0.356536529987		2627.17217537		0.7863
3 5 5			-0.059206666105			-18.8148085164		18.5604191687		0.356453762986		2654.13994113		1.2751
1 3 11			-0.178874338144			-18.9936828546		18.7392935069		0.356337700209		2698.45826499		2.4293
1 3 13			0.062880088427			-18.9308027661		18.61353333		0.356347952106		2698.96233285		0.3907
3 3 11			-0.512426016768			-19.4432287829		19.1259593468		0.356170923017		2792.39006463		2.1204
2 2 10			-0.116187271918			-19.5594160548		19.2421466187		0.356092229726		2828.59555295		0.6429
2 6 8			-0.154459021513			-19.7138750763		19.3966056402		0.355959563936		2870.69763475		4.3291
6 2 8			-0.120827520975			-19.8347025973		19.5174331612		0.355842900163		2908.09754102		3.3751
6 0 4			-0.26822536541			-20.1029279627		19.7856585266		0.355789711743		2967.84877899		0.7069
4 0 0			-0.2194797258			-20.3224076885		20.0051382524		0.355789584292		3020.77587611		8.3901
4 4 0			-1.32708190449			-21.649489593		21.3322201569		0.355789584292		3242.49746385		4.9852
6 2 10			-0.118969293685			-21.7684588867		21.4511894506		0.355716532276		3282.03198594		0.7103
4 0 10			-0.0946341533135			-21.86309304		21.5458236039		0.355651296261		3318.056835		0.6243
0 6 4			-0.236062574153			-22.0991556142		21.781886178		0.355602904419		3376.1923576		0.6675
1 7 5			-0.206079844515			-22.3052354587		21.9879660226		0.355495716847		3430.12269952		1.0841
0 0 10			-0.0928695911277			-22.3981050498		22.0808356137		0.35543433256		3466.69119135		0.8316
4 6 6			-0.602252868846			-23.0003579187		22.6830884825		0.355602165943		3583.92798024		1.1903
6 4 6			-0.580502437128			-23.5808603558		23.2635909197		0.355778336744		3698.91095623		0.9247
4 2 10			-0.595231992852			-24.1760923486		23.8588229125		0.355943580236		3817.411666		1.1102
2 6 10			-0.0916316132329			-24.2677239619		23.9504545257		0.355873893029		3856.02317865		0.7069
6 4 2			-0.446364872065			-24.7140888339		24.3968193978		0.355960160503		3952.28474245		0.2211
6 0 10			-0.755929972988			-25.4700188069		25.1527493708		0.356179503789		4099.89814744		1.0728
4 0 6			-0.66719864082			-26.1372174477		25.8199480116		0.356340180848		4234.47147391		5.3963
7 1 5			-0.21975987958			-26.3569773273		26.0397078912		0.356219910535		4296.55180205		1.5264
0 4 6			-0.699863265796			-27.0568405931		26.739571157		0.356379412371		4438.76881206		3.7688
1 1 17			-1.0534285732			-28.1102691663		27.7929997302		0.356699757538		4641.43095494		2.447
6 4 0			-0.553358052412			-28.6636272187		28.3463577826		0.356699757538		4762.18810748		1.8287
4 6 4			-0.644111659244			-29.307738878		28.9904694418		0.356611310553		4899.38933567		1.0731
7 3 5			-0.504360955032			-29.812099833		29.4948303969		0.35641769853		5014.12116747		1.0496
1 5 11			-0.679127902081			-30.4912277351		30.173958299		0.356198379953		5159.74686912		1.8219
5 1 11			-0.663977491752			-31.1552052268		30.8379357907		0.355965898611		5304.124956		3.2753
3 7 5			-0.411404619532			-31.5666098464		31.2493404102		0.355792443401		5406.13589097		1.0548
0 4 20			-9.95715521348			-41.5237650598		41.2064956237		0.360397589524		7169.93023853		1.027
6 4 4			-0.640820718447			-42.1645857783		41.8473163422		0.360356884375		7323.28035988		0.6669
0 0 12			-0.550228596305			-42.7148143746		42.3975449385		0.360587349334		7461.96790917		3.2426
0 0 20			-9.16306087547			-51.8778752501		51.5606058139		0.363425502763		9126.22722907		0.4542
6 2 6			-1.17059921526			-53.0484744653		52.7312050292		0.363503738866		9386.1544952		3.9921
5 3 11			-1.09652201603			-54.1449964813		53.8277270452		0.363503738866		9635.1631411		1.8677
0 4 10			-0.471318082209			-54.6163145636		54.2990451274		0.363410615314		9773.82812294		0.9893
4 0 14			-0.892064382128			-55.5083789457		55.1911095096		0.363516430023		9989.59082123		1.986
0 4 12			-0.774361166045			-56.2827401117		55.9654706756		0.363635235199		10185.715663		1.4889
2 2 14			-1.08431724308			-57.3670573548		57.0497879187		0.363757778627		10440.1111891		1.0835
0 4 18			-6.58562277229			-63.9526801271		63.635410691		0.363455044303		11708.9155671		0.8369
0 2 20			-4.14019974521			-68.0928798723		67.7756104362		0.362483832233		12538.4879307		0.4494
0 4 14			-1.00785540909			-69.1007352814		68.7834658453		0.362549611345		12793.7246472		1.2337
2 2 12			-0.448338046933			-69.5490733283		69.2318038922		0.362618049119		12946.3473278		1.9766
6 2 0			-1.18089831265			-70.729971641		70.4127022049		0.362616485142		13237.5880145		4.3933
2 6 6			-1.07517666243			-71.8051483034		71.4878788673		0.362668809135		13511.2091059		5.383
2 6 0			-1.23249893046			-73.0376472339		72.7203777977		0.362668809135		13816.8717816		4.3567
4 0 12			-0.812262729518			-73.8499099634		73.5326405273		0.362754452797		14044.7343407		2.7435
0 0 14			-1.5562931156			-75.406203079		75.0889336429		0.362847051564		14417.0752594		0.8389
0 0 22			-11.5093891565			-86.9155922355		86.5983227994		0.362728245566		16713.4763003		2.2765
4 4 12			-1.63403348601			-88.5496257215		88.2323562854		0.362875462352		17117.0771194		1.9475
2 2 16			-5.09236615709			-93.6419918786		93.3247224425		0.362418238406		18198.3208763		1.1693
0 4 16			-5.6057464983			-99.2477383769		98.9304689408		0.361928297534		19390.3719124		1.5557
0 0 18			-2.60030431649			-101.848042693		101.530773257		0.361887253379		20001.5623317		0.6609