HKL Value		Reward			TotalReward	Chi Squared Value	Z Coordinate Approximation		dx
1 1 7			0			0		0		0.3		0		0.2012
2 2 0			0			0		2.73701742942		0.357131872152		2.73701742942		11.1953
1 1 3			0.66662102612			0.66662102612		1.40377537718		0.36036554368		2.80755075436		0.4514
3 1 3			0.191112956382			0.857733982503		1.02154946442		0.358129997664		3.06464839325		1.2003
3 7 3			0.126906103678			0.984640086181		0.767737257059		0.358393179468		3.07094902824		0.8954
0 2 4			-0.0443259592976			0.940314126883		0.812063216357		0.354911131188		4.06031608178		1.326
0 2 18			0.0568336503264			0.997147777209		0.698395915704		0.356317193555		4.19037549422		0.3755
3 1 9			-0.0662963767458			0.930851400464		0.76469229245		0.357790474613		5.35284604715		0.36
2 6 2			0.0202580279415			0.951109428405		0.724176236567		0.357651340362		5.79340989253		1.2892
0 0 2			0.040137925477			0.991247353882		0.643900385613		0.357643761143		5.79510347051		1.161
2 0 6			0.0109555565601			1.00220291044		0.621989272492		0.357939391298		6.21989272492		1.6278
0 2 0			0.0041075963711			1.00631050681		0.61377407975		0.357939391298		6.75151487725		1.4407
7 1 3			0.0142048337187			1.02051534053		0.585364412313		0.357882167763		7.02437294775		1.4031
1 3 15			-0.0336407731804			0.986874567352		0.619005185493		0.358410376845		8.04706741141		0.2862
3 3 3			0.019806868469			1.00668143582		0.579391448555		0.358385192573		8.11148027977		0.8081
0 2 12			-0.248871095001			0.75781034082		0.828262543556		0.35745948103		12.4239381533		0.3827
2 4 12			0.0220388233168			0.779849164136		0.784184896923		0.35730911233		12.5469583508		0.2205
2 2 4			-0.0222252729896			0.757623891147		0.806410169912		0.357402056051		13.7089728885		0.7551
3 5 3			-0.059339357172			0.698284533975		0.865749527084		0.357323868756		15.5834914875		0.9259
1 1 15			-0.322308476649			0.375976057326		1.18805800373		0.358087007931		22.5731020709		0.656
5 3 9			-0.0179174966729			0.358058560653		1.20597550041		0.357671242657		24.1195100081		0.4833
4 2 12			0.0236361793676			0.381694740021		1.15870314167		0.357533660716		24.3327659751		0.2244
2 0 12			-0.063403830304			0.318290909717		1.22210697197		0.357143557875		26.8863533834		0.8079
5 3 7			0.0261490559504			0.344439965667		1.16980886007		0.357143482773		26.9056037817		0.2523
2 4 8			0.0161680417269			0.360608007394		1.13747277662		0.357239327006		27.2993466389		0.1687
7 1 7			0.0218873872734			0.382495394667		1.09369800207		0.357239327006		27.3424500518		0.3505
3 5 7			0.0203640266129			0.40285942128		1.05296994885		0.357239327006		27.37721867		0.2309
3 1 5			-0.0817367387806			0.3211226825		1.13470668763		0.356989122845		30.637080566		2.8985
2 2 2			0.0175869271174			0.338709609617		1.09953283339		0.357003622129		30.786919335		1.1162
7 3 3			0.0155439405873			0.354253550204		1.06844495222		0.357020478358		30.9849036143		1.9283
1 3 9			-0.0512643358902			0.302989214314		1.11970928811		0.357372961764		33.5912786433		0.2622
3 1 15			-0.0167902081677			0.286199006146		1.13649949628		0.357538356396		35.2314843846		0.2871
2 4 6			-0.523458420254			-0.237259414108		1.65995791653		0.358155662291		53.118653329		0.785
3 1 7			0.0250458245575			-0.21221358955		1.60986626742		0.358156805491		53.1255868247		0.257
5 5 3			0.0232358479202			-0.18897774163		1.56339457158		0.358151184382		53.1554154336		0.8107
1 7 7			0.0188900280223			-0.170087713608		1.52561451553		0.358151184382		53.3965080436		0.4353
6 2 2			0.0149118646533			-0.155175848954		1.49579078622		0.358121023299		53.8484683041		3.3001
0 2 10			-0.78945580227			-0.944631651224		2.28524658849		0.359387746687		84.5541237743		0.4317
3 5 1			-0.00891453536448			-0.953546186589		2.29416112386		0.359442572221		87.1781227066		0.5283
2 0 2			0.0220956902695			-0.931450496319		2.24996974332		0.359504412414		87.7488199895		0.6502
0 2 16			-0.155349269424			-1.08679976574		2.40531901274		0.35936686496		96.2127605097		1.8687
2 0 10			-0.432920224373			-1.51971999012		2.83823923712		0.362029949648		116.367808722		0.6169
2 0 4			-0.0110407974184			-1.53076078753		2.84928003453		0.361885239676		119.66976145		1.3874
4 4 2			0.0224850379886			-1.50827574955		2.80430995856		0.361737087899		120.585328218		1.2125
1 3 3			0.0271096611998			-1.48116608835		2.75009063616		0.361669718522		121.003987991		0.7045
2 0 14			-0.0254427619349			-1.50660885028		2.77553339809		0.361686588866		124.899002914		0.2634
1 5 3			0.0290638509818			-1.4775449993		2.71740569613		0.361686588866		125.000662022		0.9511
1 1 9			0.0272395950606			-1.45030540424		2.66292650601		0.361609785048		125.157545782		0.2216
1 7 3			0.0203798399149			-1.42992556432		2.62216682618		0.361513798541		125.864007657		0.9932
1 1 1			0.0267548475477			-1.40317071678		2.56865713108		0.361513798541		125.864199423		0.5749
1 5 1			0.00177556024981			-1.40139515653		2.56510601058		0.36156221742		128.255300529		0.4978
1 3 7			0.0246139711414			-1.37678118538		2.5158780683		0.36156221742		128.309781483		0.1893
3 1 1			0.0223131642169			-1.35446802117		2.47125173987		0.36156221742		128.505090473		0.5239
5 3 1			0.00710454817478			-1.34736347299		2.45704264352		0.361646640843		130.223260106		0.5252
4 2 0			-0.458307790633			-1.80567126363		2.91535043415		0.361646640843		157.428923444		0.9287
0 4 2			0.0193647949621			-1.78630646866		2.87662084423		0.361557438957		158.214146432		3.2657
1 1 5			0.00186487682585			-1.78444159184		2.87289109057		0.361021451998		160.881901072		1.9661
4 2 8			0.0222624163273			-1.76217917551		2.82836625792		0.360948837857		161.216876701		0.7605
2 0 0			0.0182624108759			-1.74391676463		2.79184143617		0.360948837857		161.926803298		2.02
5 5 7			0.0210764253722			-1.72284033926		2.74968858542		0.360918502092		162.23162654		0.6639
4 0 4			0.016675211367			-1.7061651279		2.71633816269		0.36095894089		162.980289761		1.2165
2 0 8			0.00945879610101			-1.69670633179		2.69742057049		0.361295575955		164.5426548		0.1665
2 6 4			0.0131049271174			-1.68360140468		2.67121071625		0.361368231522		165.615064408		0.8772
5 1 1			-0.0012897670006			-1.68489117168		2.67250048325		0.361424431952		168.367530445		0.5346
5 1 9			-0.0183575595167			-1.70324873119		2.69085804277		0.360972279586		172.214914737		0.4583
5 1 3			0.0191351523306			-1.68411357886		2.65258773811		0.360941982146		172.418202977		0.9592
0 2 2			0.0189720578472			-1.66514152102		2.61464362241		0.360946166983		172.566479079		0.4614
1 7 1			-0.0117345022704			-1.67687602329		2.62637812468		0.361018519614		175.967334354		0.5219
3 3 1			0.00249773307641			-1.67437829021		2.62138265853		0.361067251259		178.25402078		0.5106
5 3 3			-0.0168199549599			-1.69119824517		2.63820261349		0.360984745568		182.035980331		0.9351
3 3 9			0.00345143533755			-1.68774680983		2.63129974282		0.36069008366		184.190981997		0.3816
3 5 9			-0.03790350935			-1.72565031918		2.66920325217		0.360320523874		189.513430904		0.4755
1 5 9			0.00744008218954			-1.71821023699		2.65432308779		0.360089709178		191.111262321		0.4394
0 2 22			0.0102974244525			-1.70791281254		2.63372823888		0.360325427418		192.262161438		1.8317
1 3 5			-0.0774543345111			-1.78536714705		2.71118257339		0.360005946894		200.627510431		3.1323
0 2 6			0.0165448398049			-1.76882230725		2.67809289378		0.359961520094		200.856967034		1.1672
0 6 14			-0.184871891973			-1.95369419922		2.86296478576		0.359901330974		217.585323718		0.9096
2 0 16			-0.0555971880098			-2.00929138723		2.91856197377		0.359901749812		224.72927198		0.5935
0 6 6			-0.259846257338			-2.26913764457		3.1784082311		0.360619344701		247.915842026		1.0147
4 2 14			-0.117420870052			-2.38655851462		3.29582910116		0.360569769721		260.370498991		1.2576
3 7 1			-0.111185305412			-2.49774382003		3.40701440657		0.360630306557		272.561152526		1.2822
3 3 15			0.00359540778243			-2.49414841225		3.399823591		0.36031569041		275.385710871		0.3402
2 4 14			-0.10362169905			-2.5977701113		3.50344529005		0.360272359559		287.282513784		0.5221
0 6 12			0.0173117776928			-2.58045833361		3.46882173467		0.360272359559		287.912203978		0.3425
2 4 0			-0.256203206959			-2.83666154057		3.72502494163		0.360272359559		312.902095097		1.4359
0 0 6			-0.307017963574			-3.14367950414		4.0320429052		0.360962644711		342.723646942		7.4326
1 3 1			0.0223801259616			-3.12129937818		3.98728265328		0.360962644711		342.906308182		0.5324
5 5 1			-0.113174693699			-3.23447407188		4.10045734698		0.361040013621		356.739789187		0.5073
2 4 4			-0.310655547178			-3.54512961905		4.41111289415		0.360832971151		388.177934686		0.8182
4 2 6			-0.0458013250122			-3.59093094407		4.45691421917		0.36122379264		396.665365506		1.6049
0 6 18			-0.161429489869			-3.75236043394		4.61834370904		0.361280734544		415.650933813		0.7949
2 4 2			-0.0458467615687			-3.7982071955		4.6641904706		0.361544452748		424.441332825		0.3828
6 2 6			-2.69482137828			-6.49302857379		7.35901184889		0.365365801895		677.029090098		3.9921
3 1 11			-0.793686212812			-7.2867147866		8.1526980617		0.365686703778		758.200919738		2.3814
4 0 2			0.0306887274151			-7.25602605918		8.09132060687		0.365632584338		760.584137046		1.7854
1 1 11			-0.260408229648			-7.51643428883		8.35172883652		0.365830455321		793.414239469		2.144
0 6 16			0.0277809245544			-7.48865336428		8.29616698741		0.36539773215		796.432030791		0.4825
7 3 1			-0.0160752912657			-7.50472865554		8.31224227867		0.365430145834		806.287501031		0.5095
0 4 0			-0.2943701768			-7.79909883234		8.60661245547		0.365430145834		843.448020636		6.137
3 3 5			-0.583289617502			-8.38238844984		9.18990207297		0.364580754897		909.800305224		1.3995
2 6 10			-1.09839623789			-9.48078468773		10.2882983109		0.360881863402		1028.82983109		0.7069
4 0 0			-0.422183107665			-9.9029677954		10.7104814185		0.360881863402		1081.75862327		8.3901
1 5 5			-0.330947647552			-10.233915443		11.0414290661		0.360015916467		1126.22576474		1.8923
0 6 0			-0.337115972603			-10.5710314156		11.3785450387		0.360015916467		1171.99013898		1.4277
5 1 5			-0.276419748287			-10.8474511638		11.654964787		0.359438051538		1212.11633784		1.1901
4 0 8			-0.271462849			-11.1189140128		11.926427636		0.358930502767		1252.27490178		2.9483
6 0 0			-0.409938766176			-11.528852779		12.3363664021		0.358930502767		1307.65483863		0.7256
2 2 8			-0.249476520693			-11.7783292997		12.5858429228		0.358511232455		1346.68519274		1.8488
2 2 6			-0.32419395299			-12.1025232527		12.9100368758		0.358858026125		1394.28398259		8.3224
2 4 10			-0.483263758787			-12.5857870115		13.3933006346		0.359673893403		1459.86976917		0.607
4 0 10			-0.455166062903			-13.0409530744		13.8484666975		0.359024356315		1523.33133673		0.6243
0 6 2			-0.101997292566			-13.142950367		13.9504639901		0.359154602476		1548.5015029		0.2356
4 6 6			-0.502739919567			-13.6456902865		14.4532039097		0.359752723847		1618.75883788		1.1903
6 4 6			-0.437328628454			-14.083018915		14.8905325381		0.360381233168		1682.63017681		0.9247
0 4 8			-0.373394879478			-14.4564137945		15.2639274176		0.359851962645		1740.0877256		4.1351
0 6 10			-0.56372950311			-15.0201432976		15.8276569207		0.360870152316		1820.18054588		0.8527
3 1 13			0.0259958695566			-14.994147428		15.7756651816		0.360435555702		1829.97716106		0.3869
4 6 4			-1.21677860247			-16.2109260305		16.992443784		0.360175743304		1988.11592273		1.0731
0 0 8			-0.271685907814			-16.4826119383		17.2641296919		0.359794387001		2037.16730364		2.1948
4 2 10			-0.366382373227			-16.8489943115		17.6305120651		0.360384760925		2098.03093575		1.1102
6 0 2			-0.0701433668025			-16.9191376783		17.7006554319		0.360505956319		2124.07865183		0.2214
3 5 5			-0.279025141408			-17.1981628197		17.9796805733		0.360177309114		2175.54134937		1.2751
4 2 4			-0.10466979164			-17.3028326114		18.0843503649		0.360102927729		2206.29074452		0.7624
6 0 10			-0.45503902998			-17.7578716413		18.5393893949		0.36078430881		2280.34489558		1.0728
6 2 8			-0.518673745797			-18.2765453871		19.0580631407		0.360343228776		2363.19982945		3.3751
6 0 6			-0.0381574447074			-18.3147028319		19.0962205854		0.360556669435		2387.02757318		1.0815
0 6 4			-0.439371337056			-18.7540741689		19.5355919225		0.360442282126		2461.48458223		0.6675
4 4 8			-0.353553445538			-19.1076276144		19.889145368		0.36005798331		2525.92146174		3.9407
6 0 4			-0.422368984657			-19.5299965991		20.3115143527		0.359929817396		2599.87383714		0.7069
2 6 8			-0.455912323008			-19.9859089221		20.7674266757		0.359506412514		2678.99804116		4.3291
6 0 12			0.0791991985318			-19.9067097236		20.6090282786		0.359506412514		2679.17367622		0.5892
6 2 10			-0.358184721497			-20.2648944451		20.9672130001		0.359090367581		2746.70490302		0.7103
7 1 5			-0.507365196604			-20.7722596417		21.4745781967		0.358749288314		2834.64432197		1.5264
0 4 6			-0.677947840434			-21.4502074821		22.1525260372		0.359097266016		2946.28596294		3.7688
1 5 7			0.0826458151375			-21.367561667		21.9872344069		0.359097266016		2946.28941052		0.6035
2 2 10			-0.256933193653			-21.6244948606		22.2441676005		0.358800665659		3002.96262607		0.6429
4 0 6			-0.602646546616			-22.2271414072		22.8468141471		0.359111927286		3107.16672401		5.3963
0 4 12			-2.42610291506			-24.6532443223		25.2729170622		0.360702299599		3462.38963752		1.4889
6 2 4			0.086992284953			-24.5662520373		25.0989324923		0.360702299599		3463.65268394		0.8727
1 7 5			-0.567000243706			-25.1332522811		25.665932736		0.360415239876		3567.5646503		1.0841
4 6 2			-0.234917651805			-25.3681699329		25.9008503878		0.360528967481		3626.11905429		0.2349
0 2 14			0.0803562282916			-25.2878137046		25.7401379312		0.360528967481		3629.3594483		0.2479
3 3 11			-0.754755957168			-26.0425696617		26.4948938884		0.36036769046		3762.27493215		2.1204
1 5 13			0.0707255835207			-25.9718440782		26.3534427214		0.36021834138		3768.54230915		1.1973
1 3 11			-0.287596673793			-26.259440752		26.6410393951		0.360106127765		3836.3096729		2.4293
4 6 0			-0.625546128369			-26.8849868804		27.2665855235		0.360106127765		3953.65490091		0.7863
6 4 0			-0.640346349396			-27.5253332298		27.9069318729		0.360106127765		4074.41205345		1.8287
7 1 1			0.0796151418476			-27.4457180879		27.7477015892		0.360110591215		4078.91213362		0.5207
3 3 13			0.0569774239519			-27.388740664		27.6337467413		0.359915961827		4089.79451771		0.5636
5 5 5			-0.673156145413			-28.0618968094		28.3069028867		0.359625595875		4217.72853012		1.5862
6 4 4			-0.804560391743			-28.8664572011		29.1114632785		0.35950571979		4366.71949177		0.6669
2 2 14			-2.21401376359			-31.0804709647		31.3254770421		0.35991601236		4730.14703335		1.0835
1 5 11			-1.04909924676			-32.1295702115		32.3745762888		0.359666620736		4920.9355959		1.8219
4 2 2			0.062299512235			-32.0672706992		32.2499772644		0.359705712214		4934.24652145		0.457
3 5 11			-1.20203570513			-33.2693064044		33.4520129695		0.359400668517		5151.6099973		1.8915
6 4 2			-0.265470030566			-33.5347764349		33.717483		0.359553234219		5226.20986501		0.2211
0 0 10			-0.211763693504			-33.7465401284		33.9292466936		0.359251162239		5292.96248419		0.8316
5 3 5			-0.0552672318405			-33.8018073603		33.9845139254		0.359076184119		5335.56868629		2.2247
0 4 4			0.102766739688			-33.6990406206		33.778980446		0.359076184119		5337.07891047		0.8482
9 1 1			0.0514082838187			-33.6476323368		33.6761638784		0.359076184119		5354.51005666		0.8793
5 3 11			-1.14443463527			-34.792066972		34.8205985136		0.358764952105		5571.29576218		1.8677
4 4 4			0.105173124247			-34.6868938478		34.6102522652		0.358764952105		5572.25061469		0.8476
0 0 12			-0.890643325905			-35.5775371737		35.5008955911		0.359649488471		5751.14508575		3.2426
4 4 0			-1.14245823401			-36.7199954077		36.6433538251		0.359649488471		5972.86667349		4.9852
5 1 11			-0.940521424939			-37.6605168327		37.58387525		0.359418927764		6163.755541		3.2753
4 0 14			-1.61817467856			-39.2786915112		39.2020499286		0.359789952645		6468.33823821		1.986
4 4 6			-1.34023994697			-40.6189314582		40.5422898755		0.360362074913		6730.02011934		4.3817
4 4 10			-0.137768278946			-40.7566997371		40.6800581545		0.360052260183		6793.5697118		0.6886
5 1 13			0.102278111073			-40.6544216261		40.4755019323		0.359899068842		6799.88432463		0.4567
2 6 6			-1.7084718556			-42.3628934817		42.1839737879		0.360446257302		7129.09157016		5.383
1 1 17			-0.285424467088			-42.6483179487		42.469398255		0.361017261756		7219.79770335		2.447
3 7 5			-0.767054295187			-43.4153722439		43.2364525502		0.36068979402		7393.43338609		1.0548
6 2 0			-1.44189620955			-44.8572684535		44.6783487598		0.360689236093		7684.67598668		4.3933
5 1 7			0.129066950981			-44.7282015025		44.4202148578		0.360689236093		7684.6971704		0.2609
7 3 5			-0.746076105521			-45.474277608		45.1662909633		0.360326802105		7858.93462762		1.0496
0 0 14			-2.3026595673			-47.7769371753		47.4689505306		0.360966736778		8307.06634286		0.8389
0 4 14			-1.37041669344			-49.1473538688		48.8393672241		0.361465738687		8595.72863143		1.2337
4 0 12			-1.19770679008			-50.3450606588		50.0370740141		0.362267290471		8856.5621005		2.7435
0 0 16			-3.91435698063			-54.2594176395		53.9514309948		0.359780381872		9603.35471707		1.3342
6 0 8			0.144818307669			-54.1145993318		53.6617943794		0.359780381872		9605.46119392		2.9234
0 2 20			-0.308976316076			-54.4235756479		53.9707706955		0.358703447258		9714.73872519		0.4494
1 1 13			0.145437751444			-54.2781378964		53.6798951926		0.358677208418		9716.06102986		0.3722
0 0 4			0.142170839737			-54.1359670567		53.3955535131		0.358675045283		9717.99073939		0.8482
0 2 8			0.129796075893			-54.0061709808		53.1359613614		0.35871413675		9723.88092913		0.1155
3 3 7			0.143380472406			-53.8627905084		52.8492004165		0.35871413675		9724.25287664		0.1558
4 4 12			-3.31345518999			-57.1762456984		56.1626556065		0.359608296339		10390.0912872		1.9475
1 3 13			0.1404320572			-57.0358136412		55.8817914921		0.359572801402		10394.0132175		0.3907
2 2 16			-2.63690632442			-59.6727199656		58.5186978166		0.358567692984		10942.9964917		1.1693
0 6 8			0.150754672872			-59.5219652927		58.2171884708		0.358564143693		10944.8314325		0.7694
0 4 16			-2.55450852181			-62.0764738146		60.7716969926		0.357573954049		11485.8507316		1.5557
2 2 12			-1.55168538045			-63.628159195		62.3233823731		0.358019639898		11841.4426509		1.9766
2 6 0			-1.27402771352			-64.9021869085		63.5974100866		0.358019639898		12147.1053265		4.3567
0 4 20			-7.34010978438			-72.2422966929		70.937519871		0.360105023266		13620.0038152		1.027
0 0 22			-9.45623125469			-81.6985279476		80.3937511257		0.359144918433		15515.9939673		2.2765
0 0 20			-12.9632000619			-94.6617280095		93.3569511876		0.362054379698		18111.2485304		0.4542
0 4 18			-5.53743456331			-100.199162573		98.8943857509		0.361971349058		19284.4052214		0.8369
0 0 18			-2.61744666389			-102.816609237		101.511832415		0.361930162104		19896.3191533		0.6609
0 4 10			-0.018931604755			-102.835540841		101.53076402		0.361887051258		20001.5605118		0.9893