HKL Value		Reward			TotalReward	Chi Squared Value	Z Coordinate Approximation		dx
1 1 7			0			0		0		0.3		0		0.2012
2 2 0			0			0		2.73701742942		0.357131872152		2.73701742942		11.1953
1 1 3			0.66662102612			0.66662102612		1.40377537718		0.36036554368		2.80755075436		0.4514
3 1 3			0.191112956382			0.857733982503		1.02154946442		0.358129997664		3.06464839325		1.2003
3 7 3			0.126906103678			0.984640086181		0.767737257059		0.358393179468		3.07094902824		0.8954
0 0 2			0.0751468774732			1.05978696365		0.617443502113		0.357993901544		3.08721751056		1.161
0 2 0			0.00715190114101			1.06693886479		0.603139699831		0.357992770354		3.61883819898		1.4407
0 2 4			-0.0686024909063			0.998336373889		0.671742190737		0.355704818987		4.70219533516		1.326
2 6 2			0.0371790496286			1.03551542352		0.59738409148		0.3552086469		4.77907273184		1.2892
3 7 5			-3.21587499315			-2.18035956964		3.81325908463		0.34429943508		34.3193317617		1.0548
7 1 3			0.172766971607			-2.00759259803		3.46772514142		0.344349067792		34.6772514142		1.4031
3 3 3			0.118620810368			-1.88897178766		3.23048352068		0.34443527725		35.5353187275		0.8081
5 3 7			0.028777368455			-1.86019441921		3.17292878377		0.345226359836		38.0751454053		0.2523
5 3 1			-0.240118083523			-2.10031250273		3.4130468673		0.345511928657		44.3696092749		0.5252
3 5 3			0.115242024644			-1.98507047809		3.18256281801		0.345474451491		44.5558794521		0.9259
7 1 7			0.0565014364771			-1.92856904161		3.06955994506		0.345930408444		46.0433991758		0.3505
2 2 2			-0.0691732401655			-1.99774228178		3.13873318522		0.3462866312		50.2197309635		1.1162
1 3 15			-0.269289697872			-2.26703197965		3.40802288309		0.349013377308		57.9363890126		0.2862
0 2 18			0.0485928271117			-2.21843915254		3.31083722887		0.349547626276		59.5950701196		0.3755
5 5 3			0.0764010245373			-2.142038128		3.15803517979		0.349556497479		60.0026684161		0.8107
3 1 7			0.0667922905279			-2.07524583747		3.02445059874		0.349582887552		60.4890119748		0.257
1 7 7			0.0719856195985			-2.00326021787		2.88047935954		0.349582800484		60.4900665504		0.4353
0 4 6			-9.06255193085			-11.0658121487		11.9430312904		0.356632735271		262.746688389		3.7688
1 3 3			0.259499866446			-10.8063122823		11.4240315575		0.356631339194		262.752725822		0.7045
7 3 3			0.233114267477			-10.5731980148		10.9578030225		0.356677593389		262.987272541		1.9283
3 1 15			0.174996920254			-10.3982010945		10.607809182		0.357306312808		265.195229551		0.2871
2 0 0			0.190343895879			-10.2078571987		10.2271213903		0.357306312808		265.905156147		2.02
2 0 12			0.15718323526			-10.0506739634		9.91275491976		0.356522357117		267.644382833		0.8079
6 2 2			0.174280499541			-9.87639346386		9.56419392068		0.356466898989		267.797429779		3.3001
1 5 3			0.163453958731			-9.71293950513		9.23728600321		0.356466898989		267.881294093		0.9511
2 0 2			0.12807202088			-9.58486748425		8.98114196145		0.356652378174		269.434258844		0.6502
1 1 1			0.143445640036			-9.44142184422		8.69425068138		0.356662392623		269.521771123		0.5749
1 7 3			0.13451713848			-9.30690470574		8.42521640442		0.356662392623		269.606924941		0.9932
1 1 5			0.126257883743			-9.18064682199		8.17270063694		0.356732191224		269.699121019		1.9661
3 1 1			0.111793257117			-9.06885356488		7.9491141227		0.3567615104		270.269880172		0.5239
4 4 2			0.113409697326			-8.95544386755		7.72229472805		0.3567615104		270.280315482		1.2125
1 3 7			0.107238230042			-8.84820563751		7.50781826797		0.3567615104		270.281457647		0.1893
2 0 4			0.0854396145386			-8.76276602297		7.33693903889		0.35664905856		271.466744439		1.3874
2 0 6			0.08139561879			-8.68137040418		7.17414780131		0.35690767025		272.61761645		1.6278
1 1 15			-0.021931852718			-8.7033022569		7.19607965403		0.357601921932		280.647106507		0.656
3 5 7			0.0895251998923			-8.61377705701		7.01702925424		0.357601921932		280.68117017		0.2309
0 4 2			0.0850805538926			-8.52869650311		6.84686814646		0.357588899768		280.721594005		3.2657
5 5 7			0.079630166483			-8.44906633663		6.68760781349		0.357585059022		280.879528167		0.6639
2 2 14			-6.99713235977			-15.4461986964		13.6847401733		0.367031221963		588.44382745		1.0835
5 1 3			0.138085966739			-15.3081127297		13.4085682398		0.366979620388		589.977002551		0.9592
0 2 2			0.145621280454			-15.1624914492		13.1173256789		0.366945320857		590.27965555		0.4614
1 5 1			0.127349869528			-15.0351415797		12.8626259398		0.366956040517		591.680793232		0.4978
4 2 8			0.126794715147			-14.9083468645		12.6090365095		0.366956040517		592.624715948		0.7605
4 2 12			0.130875701812			-14.7774711627		12.3472851059		0.366945320162		592.669685084		0.2244
5 3 9			-0.0342196844308			-14.8116908472		12.3815047903		0.366945320162		606.693734727		0.4833
0 2 12			0.0339661277635			-14.7777247194		12.3135725348		0.367126109846		615.678626741		0.3827
2 4 8			0.111944543487			-14.6657801759		12.0896834478		0.367128000877		616.57385584		0.1687
2 4 12			0.115605731835			-14.5501744441		11.8584719842		0.367105503196		616.640543177		0.2205
5 1 5			-1.52412806324			-16.0743025073		13.3826000474		0.3648067685		709.277802512		1.1901
0 4 0			-0.440331843661			-16.514634351		13.8229318911		0.3648067685		746.438322117		6.137
5 1 1			0.107182613965			-16.407451737		13.6085666631		0.364817744642		748.471166472		0.5346
1 3 9			0.0899080427461			-16.3175436943		13.4287505776		0.364730188968		752.010032348		0.2622
5 1 7			0.114606517543			-16.2029371767		13.1995375426		0.364623656945		752.373639926		0.2609
3 3 1			0.0998951366159			-16.1030420401		12.9997472693		0.364623656945		753.985341621		0.5106
3 3 9			0.0555002273645			-16.0475418127		12.8887468146		0.364305540576		760.436062061		0.3816
3 1 9			0.191781112129			-15.8557607006		12.5051845903		0.357295106652		750.31107542		0.36
3 5 1			0.0768206279863			-15.7789400726		12.3515433344		0.357312231025		753.444143396		0.5283
5 3 3			0.0801257612374			-15.6988143114		12.1912918119		0.357277927492		755.860092337		0.9351
2 0 14			0.0663780060184			-15.6324363054		12.0585357999		0.357277927492		759.687755391		0.2634
1 3 1			0.0907352059201			-15.5417010994		11.877065388		0.357277927492		760.132184833		0.5324
5 1 9			0.0908369076447			-15.4508641918		11.6953915727		0.357331662093		760.200452227		0.4583
1 5 9			0.0870008661988			-15.3638633256		11.5213898403		0.357451594664		760.411729461		0.4394
1 7 1			0.0531510614064			-15.3107122642		11.4150877175		0.357519776817		764.810877073		0.5219
3 5 9			0.0794017315619			-15.2313105326		11.2562842544		0.357381495365		765.427329298		0.4755
1 1 9			0.0564740103117			-15.1748365223		11.1433362338		0.357828383614		768.89020013		0.2216
0 2 6			0.0783989929746			-15.0964375293		10.9865382478		0.357878355121		769.057677347		1.1672
0 2 16			0.0366377916854			-15.0597997377		10.9132626644		0.357590973793		774.841649176		1.8687
4 0 2			0.0756604928039			-14.9841392449		10.7619416788		0.357584978206		774.859800876		1.7854
0 6 12			0.0737089931763			-14.9104302517		10.6145236925		0.357577951258		774.860229551		0.3425
2 0 16			0.045758483716			-14.864671768		10.5230067251		0.357338017004		778.702497654		0.5935
0 2 22			-0.0173623227947			-14.8820340908		10.5403690478		0.358139037962		790.527678589		1.8317
2 0 8			0.0192612732681			-14.8627728175		10.5018465013		0.35868842726		798.1403341		0.1665
2 4 6			-0.0346796204752			-14.897452438		10.5365261218		0.359474309716		811.312511378		0.785
0 6 18			-0.0459246390344			-14.943377077		10.5824507608		0.358629774494		825.431159344		0.7949
4 2 14			-0.0151711283269			-14.9585482053		10.5976218891		0.358596456426		837.212129243		1.2576
2 4 14			-0.00928869750212			-14.9678369028		10.6069105866		0.358557826444		848.552846932		0.5221
0 4 10			-0.543086279921			-15.5109231827		11.1499968666		0.357738058126		903.149746192		0.9893
0 6 16			0.059460281853			-15.4514629009		11.0310763029		0.357630756087		904.548256835		0.4825
2 4 2			-0.0365345403176			-15.4879974412		11.0676108432		0.35772908347		918.611699984		0.3828
3 7 1			-0.0334508855077			-15.5214483267		11.1010617287		0.357761967952		932.48918521		1.2822
1 3 5			0.0463765448939			-15.4750717818		11.0083086389		0.35767164829		935.706234307		3.1323
0 6 14			-0.0571893672456			-15.5322611491		11.0654980061		0.357663216413		951.632828529		0.9096
5 5 1			-0.0563043309014			-15.58856548		11.121802337		0.357703027856		967.596803323		0.5073
4 2 6			-0.105872097859			-15.6944375778		11.2276744349		0.357993886624		988.035350272		1.6049
1 5 7			0.0630722233424			-15.6313653545		11.1015299882		0.357993886624		988.036168952		0.6035
6 0 12			0.0615380402478			-15.5698273142		10.9784539077		0.358012237809		988.060851695		0.5892
6 2 4			0.0480989646665			-15.5217283496		10.8822559784		0.358044528443		990.285294034		0.8727
3 1 5			0.032940820516			-15.4887875291		10.8163743374		0.357921509688		995.106439037		2.8985
5 3 11			-1.99171269443			-17.4805002235		12.8080870318		0.357110072961		1191.15209396		1.8677
0 2 14			0.0515273079114			-17.4289729156		12.705032416		0.357110072961		1194.2730471		0.2479
7 1 1			0.0379765639093			-17.3909963517		12.6290792882		0.357117906415		1199.76253237		0.5207
2 0 10			-0.324807510406			-17.7158038621		12.9538867986		0.357466483756		1243.57313266		0.6169
7 3 1			-0.0132445602405			-17.7290484223		12.9671313588		0.357511200462		1257.8117418		0.5095
2 4 0			-0.122675396856			-17.8517238192		13.0898067557		0.357512022988		1282.80106205		1.4359
0 6 2			-0.162295304002			-18.0140191232		13.2521020597		0.357665836122		1311.95810391		0.2356
4 2 0			-0.13953561278			-18.153554736		13.3916376724		0.357665836122		1339.16376724		0.9287
1 1 11			-0.0694035578286			-18.2229582938		13.4610412303		0.357458270044		1359.56516426		2.144
2 6 4			0.0539886149819			-18.1689696788		13.3530640003		0.35747614871		1362.01252803		0.8772
0 2 10			-0.239066860309			-18.4080365391		13.5921308606		0.357887550152		1399.98947864		0.4317
6 0 2			-0.187065424175			-18.5951019633		13.7791962848		0.358116953534		1433.03641362		0.2214
4 4 0			-1.98040372809			-20.5755056914		15.7596000129		0.358116953534		1654.75800135		4.9852
2 4 4			-0.0995980179352			-20.6751037093		15.8591980308		0.35799863732		1681.07499127		0.8182
0 0 6			-0.262615100594			-20.9377188099		16.1218131314		0.358525408897		1725.03400506		7.4326
4 2 4			-0.106847428384			-21.0445662383		16.2286605598		0.358365183522		1752.69534046		0.7624
6 0 6			-0.167197187063			-21.2117634254		16.3958577469		0.359119402332		1787.14849441		1.0815
2 2 6			-0.179645435501			-21.3914088609		16.5755031824		0.362473139671		1823.30535006		8.3224
0 4 4			0.0717324800809			-21.3196763808		16.4320382222		0.362520743592		1823.95624266		0.8482
4 4 4			0.0721651282875			-21.2475112525		16.2877079656		0.362523622862		1824.22329215		0.8476
1 5 13			0.0276870224236			-21.2198242301		16.2323339208		0.359817150311		1834.25373305		1.1973
3 1 13			0.056852134935			-21.1629720951		16.1186296509		0.359326894296		1837.5237802		0.3869
3 3 5			-0.0934490145096			-21.2564211096		16.2120786654		0.35888561371		1864.38904652		1.3995
0 6 0			-0.254761168782			-21.5111822784		16.4668398342		0.35888561371		1910.15342077		1.4277
4 2 2			0.00830089580099			-21.5028813826		16.4502380426		0.358989558259		1924.67785098		0.457
3 3 13			0.0538083375791			-21.449073045		16.3426213674		0.358728527951		1928.42932136		0.5636
9 1 1			-0.0112061609703			-21.460279206		16.3538275284		0.358757166392		1946.10547588		0.8793
4 0 8			-0.160529155706			-21.6208083617		16.5143566841		0.358362161292		1981.72280209		2.9483
2 2 8			-0.152841183698			-21.7736495454		16.6671978678		0.35800414609		2016.730942		1.8488
0 0 8			-0.129680313452			-21.9033298589		16.7968781813		0.357695936529		2049.21913811		2.1948
0 4 8			-0.157391965793			-22.0607218247		16.9542701471		0.357406055414		2085.37522809		4.1351
6 0 0			-0.3098844089			-22.3706062336		17.264154556		0.357406055414		2140.75516494		0.7256
1 7 5			-0.411589310578			-22.7821955441		17.6757438665		0.357086101868		2209.46798332		1.0841
3 5 5			-0.0951961751356			-22.8773917193		17.7709400417		0.356915823079		2239.13844525		1.2751
4 4 8			-0.13227603228			-23.0096677516		17.9032160739		0.356698068775		2273.70844139		3.9407
1 5 5			-0.036623420174			-23.0462911717		17.9398394941		0.356567903286		2296.29945525		1.8923
4 0 4			0.0610395720076			-22.9852515997		17.8177603501		0.356579089858		2298.49108516		1.2165
4 0 10			-0.173554629115			-23.1588062288		17.9913149792		0.356433941127		2338.8709473		0.6243
5 1 13			0.0673941340498			-23.0914120948		17.8565267111		0.356448941169		2339.20499916		0.4567
2 2 10			-0.14919861349			-23.2406107083		18.0057253246		0.356323010109		2376.75574285		0.6429
5 3 5			-0.0560145850267			-23.2966252933		18.0617399096		0.356208726304		2402.21140798		2.2247
6 2 10			-0.176104028447			-23.4727293217		18.2378439381		0.35608747979		2443.8710877		0.7103
3 1 11			-0.212217538345			-23.6849468601		18.4500614764		0.355929436589		2490.75829932		2.3814
2 6 8			-0.162000013777			-23.8469468739		18.6120614902		0.355757978658		2531.24036267		4.3291
0 4 16			-1.87874154163			-25.7256884155		20.4908030318		0.35470039904		2807.24001536		1.5557
6 0 4			-0.255307373015			-25.9809957885		20.7461104049		0.354653656706		2862.96323587		0.7069
2 2 4			0.0663023422831			-25.9146934462		20.6135057203		0.354661933614		2865.27729512		0.7551
4 6 2			-0.492294612039			-26.4069880583		21.1058003323		0.354742441987		2954.81204653		0.2349
6 2 8			-0.0486531551941			-26.4556412135		21.1544534875		0.354647193173		2982.77794174		3.3751
1 3 11			-0.0705122242679			-26.5261534377		21.2249657118		0.354557771551		3013.94513107		2.4293
4 0 0			-0.221705080232			-26.747858518		21.446670792		0.354557771551		3066.87392326		8.3901
0 0 4			0.0597258040268			-26.6881327139		21.327219184		0.35456730776		3071.11956249		0.8482
6 4 6			-0.741742736874			-27.4298754508		22.0689619208		0.354736118826		3199.99947852		0.9247
0 6 4			-0.225102317951			-27.6549777688		22.2940642388		0.354690780113		3254.93337886		0.6675
0 0 10			-0.074143164335			-27.7291209331		22.3682074031		0.354646129911		3288.12648826		0.8316
2 6 10			-0.071167554354			-27.8002884875		22.4393749575		0.354601921271		3321.02749371		0.7069
3 3 15			0.0695676664939			-27.730720821		22.3002396245		0.354601921271		3322.73570405		0.3402
7 1 5			-0.170415602288			-27.9011364232		22.4706552268		0.354510353547		3370.59828402		1.5264
4 2 10			-0.737060624478			-28.6381970477		23.2077158513		0.354640394592		3504.36509354		1.1102
4 4 10			-0.0168909011629			-28.6550879489		23.2246067524		0.35460035388		3530.14022637		0.6886
6 0 10			-0.947159391313			-29.6022473402		24.1717661437		0.354770072993		3698.28021999		1.0728
4 4 12			-6.75228388761			-36.3545312278		30.9240500313		0.356467203345		4762.30370483		1.9475
4 6 6			-0.471351942675			-36.8258831705		31.395401974		0.356625785613		4866.28730597		1.1903
0 6 10			-0.721937675938			-37.5478208464		32.11733965		0.356846492402		5010.30498539		0.8527
2 4 10			-0.404620272936			-37.9524411194		32.5219599229		0.357015735361		5105.94770789		0.607
4 0 6			-0.584956887191			-38.5373980066		33.1069168101		0.357165824381		5230.89285599		5.3963
0 6 6			-0.0576457038499			-38.5950437104		33.1645625139		0.357260026159		5273.16543972		1.0147
3 3 11			-0.442368683022			-39.0374123934		33.606931197		0.357122952047		5377.10899151		2.1204
6 0 8			0.1014326814			-38.935979712		33.4040658342		0.357122952047		5378.0545993		2.9234
6 4 2			-0.33883037185			-39.2748100839		33.742896206		0.357196493634		5466.34918537		0.2211
5 5 5			-0.375418349903			-39.6502284338		34.1183145559		0.35704500221		5561.28527261		1.5862
1 1 13			0.103912550122			-39.5463158837		33.9104894557		0.35704500221		5561.32027073		0.3722
4 6 0			-0.505665082139			-40.0519809658		34.4161545378		0.35704500221		5678.66549874		0.7863
0 2 8			0.0652753753459			-39.9867055905		34.2856037871		0.357119484154		5691.41022866		0.1155
1 1 17			-0.903350181988			-40.8900557724		35.1889539691		0.35744778408		5876.55531284		2.447
4 6 4			-0.634058468296			-41.5241142407		35.8230124374		0.357368712428		6018.26608948		1.0731
6 4 4			-0.595412780849			-42.1195270216		36.4184252182		0.357299244936		6154.71386188		0.6669
1 5 11			-0.720224462857			-42.8397514844		37.1386496811		0.357098248645		6313.57044579		1.8219
3 3 7			0.107604385015			-42.7321470994		36.9234409111		0.35709789436		6313.90839579		0.1558
6 4 0			-0.487401181345			-43.2195482808		37.4108420924		0.357094449323		6434.6648399		1.8287
3 5 11			-0.834218986491			-44.0537672673		38.2450610789		0.35688149962		6616.39556665		1.8915
1 3 13			0.109506162503			-43.9442611048		38.0260487539		0.35688693504		6616.53248318		0.3907
5 1 11			-0.669597777251			-44.613858882		38.6956465312		0.35668373272		6771.73814295		3.2753
0 6 8			0.10742428877			-44.5064345932		38.4807979536		0.356678514847		6772.62043984		0.7694
0 0 12			-1.31714063582			-45.8235752291		39.7979385894		0.357313043565		7044.23513033		3.2426
7 3 5			-0.474917777845			-46.2984930069		40.2728563673		0.357141328335		7168.56843338		1.0496
4 0 14			-1.57833686848			-47.8768298754		41.8511932358		0.357141328335		7491.3635892		1.986
0 4 14			-1.65043296147			-49.5272628369		43.5016261972		0.357141399098		7830.2927155		1.2337
6 2 0			-1.36873693553			-50.8959997724		44.8703631328		0.357141399098		8121.53572703		4.3933
0 2 20			0.0674425243552			-50.828557248		44.7354780841		0.356884524232		8141.8570113		0.4494
4 4 6			-1.52428987464			-52.3528471227		46.2597679587		0.357139405799		8465.53753644		4.3817
2 6 6			-1.90717846378			-54.2600255865		48.1669464225		0.357429032567		8862.71814174		5.383
2 2 12			-1.67308873836			-55.9331143248		49.8400351608		0.358083620863		9220.40650476		1.9766
6 2 6			-1.77526334633			-57.7083776712		51.6152985072		0.358327551288		9600.44552234		3.9921
4 0 12			-2.06594863234			-59.7743263035		53.6812471395		0.358950695307		10038.3932151		2.7435
2 6 0			-1.34032674742			-61.1146530509		55.0215738869		0.358950695307		10344.0558907		4.3567
0 4 12			-1.82026325571			-62.9349163066		56.8418371427		0.359442758532		10743.10722		1.4889
0 0 14			-2.20332696505			-65.1382432717		59.0451641077		0.359599732422		11218.5811805		0.8389
0 0 16			-2.37733232989			-67.5155756016		61.4224964376		0.358752059821		11731.6968196		1.3342
2 2 16			-2.12435248694			-69.6399280885		63.5468489245		0.357961225552		12200.9949935		1.1693
0 0 18			-3.24748534543			-72.8874134339		66.79433427		0.358353398301		12891.3065141		0.6609
0 4 20			-6.97559994249			-79.8630133764		73.7699342124		0.360127676053		14311.3672372		1.027
0 0 22			-9.41814578765			-89.2811591641		83.1880800001		0.359282339369		16221.6756		2.2765
0 0 20			-12.8887525817			-102.169911746		96.0768325818		0.361956618146		18831.059186		0.4542
0 4 18			-5.45394852145			-107.623860267		101.530781103		0.361888428999		20001.5638773		0.8369